-- S07 HUD projects: pull the whole table (35.6K rows) for local peer math
QUARTER | GSL | STATES | ENTITIES | SUMLEVEL | PROGRAM_LABEL | PROGRAM | SUB_PROGRAM | NAME | CODE | TOTAL_UNITS | TOTAL_OCCUPIED | PCT_OCCUPIED | NUMBER_REPORTED | PCT_REPORTED | MONTHS_SINCE_REPORT | PCT_MOVEIN | PEOPLE_PER_UNIT | PEOPLE_TOTAL | RENT_PER_MONTH | SPENDING_PER_MONTH | HH_INCOME | PERSON_INCOME | PCT_NOINCOME | PCT_LT5K | PCT_5K_LT10K | PCT_10K_LT15K | PCT_15K_LT20K | PCT_20K_LT25K | PCT_25K_LT30K | PCT_30K_LT40K | PCT_GE40K | PCT_WAGE_MAJOR | PCT_WELFARE_MAJOR | PCT_OTHER_MAJOR | PCT_MEDIAN | PCT_LT80_MEDIAN | PCT_LT50_MEDIAN | PCT_LT30_MEDIAN | PCT_2ADULTS | PCT_1ADULT | PCT_CHLDRN0_5 | PCT_CHLDRN6_12 | PCT_CHLDRN13_17 | PCT_0CHLDRN | PCT_FEMALE_HEAD | PCT_FEMALE_HEAD_CHILD | PCT_FEMALE_HEAD_CHILD0_5 | PCT_DISABLED_HEAD | PCT_DISABLED_LT62 | PCT_DISABLED_GE62 | PCT_DISABLED_MBR | PCT_DISABLED_ALL | PCT_LT62_HEAD | PCT_LT24_HEAD | PCT_AGE25_50 | PCT_AGE51_61 | PCT_AGE62PLUS | PCT_AGE85PLUS | PCT_MINORITY | PCT_BLACK_NONHSP | PCT_NATIVE_AMERICAN_NONHSP | PCT_ASIAN_PACIFIC_NONHSP | PCT_WHITE_NOTHSP | PCT_BLACK_HSP | PCT_WHT_HSP | PCT_OTH_HSP | PCT_HISPANIC | PCT_MULTI | MONTHS_WAITING | MONTHS_FROM_MOVEIN | PCT_UTILITY_ALLOW | AVE_UTIL_ALLOW | PCT_BED1 | PCT_BED2 | PCT_BED3 | PCT_OVERHOUSED | TPOVERTY | TMINORITY | TPCT_OWNSFD | FEDHSE | CBSA | PLACE | LATITUDE | LONGITUDE | STATE | PHA_TOTAL_UNITS | HA_SIZE | STD_ADDR | STD_CITY | STD_ZIP5 | STCTYTRT | _INGESTED_AT | _SOURCE_RUN_ID
31DEC2025 | Projects | AK Alaska | AK Alaska 800000082 176HD004 ANDREW HOUSING COMPANY | 6 | 811/PRAC | 9 | 811/PRAC | ANDREW HOUSING COMPANY | 800000082 176HD004 | 9.0000 | -4.0000 | -4.0000 | -4.0000 | -4.0000 | -4.0000 | -4 | -4.0000 | -4.0000 | -4.0000 | -4.0000 | -4.0000 | -4.0000 | -4 | -4 | -4 | -4 | -4 | -4 | -4 | -4 | -4 | -4 | -4 | -4 | -4 | -4 | -4 | -4 | -4 | -4 | -4 | -4 | -4 | -4 | -4 | -4 | -4 | -4 | -4 | -4 | -4 | -4 | -4 | -4 | -4 | -4 | -4 | -4 | -4 | -4 | -4 | -4 | -4 | -4 | -4 | -4 | -4 | -4 | -4.0000 | -4.0000 | -4 | -4 | -4 | -4 | -4 | -4 | -4 | -4 | -4 |  | 11260 | 03000 | 61.2101 | -149.7939 | AK |  |  | 4612 Camila Ct | Anchorage | 99508 | 2020000801 | 2026-08-05 21:40:52.153263 | 31203201-a7f1-49c9-bc5d-0bd8ba22f40a
31DEC2025 | Projects | AK Alaska | AK Alaska 800000083 17635019 AYALPIK APARTMENTS | 6 | Project Based Section 8 | 5 | NC/SR | AYALPIK APARTMENTS | 800000083 17635019 | 23.0000 | 20.0000 | 87.0000 | 19.0000 | 94.0000 | 5.0000 | 21 | 1.2000 | 22.0000 | 567.0000 | 1421.0000 | 23309.0000 | 20131.0000 | -1 | -1 | -1 | 21 | 42 | 11 | -1 | 16 | 11 | 5 | 5 | 89 | 29 | 100 | 89 | 74 | -1 | -1 | -1 | -1 | -1 | 100 | 58 | -1 | -1 | 21 | 100 | 6 | 21 | 18 | 16 | -1 | 11 | 5 | 84 | 5 | 100 | -1 | 95 | 5 | -1 | -1 | -1 | -1 | 0 | 0 | -1.0000 | 61.0000 | -1 | -1 | 100 | -1 | -1 | -1 | 16 | 83 | 66 |  | 99999 | 06520 | 60.8029 | -161.7765 | AK |  |  |  | Bethel | 99559 | 2050000200 | 2026-08-05 21:40:52.153263 | 31203201-a7f1-49c9-bc5d-0bd8ba22f40a
31DEC2025 | Projects | AK Alaska | AK Alaska 800000084 17644020 BAYSIDE APARTMENTS | 6 | Project Based Section 8 | 5 | LMSA | BAYSIDE APARTMENTS | 800000084 17644020 | 34.0000 | 26.0000 | 76.0000 | 32.0000 | 100.0000 | 6.0000 | 16 | 1.8000 | 56.0000 | 530.0000 | 1001.0000 | 21606.0000 | 12346.0000 | 6 | 13 | 3 | 13 | 22 | 13 | 6 | 9 | 16 | 38 | -1 | 56 | 25 | 100 | 94 | 66 | 9 | 16 | 19 | 3 | 6 | 75 | 56 | 19 | 6 | 16 | -1 | 38 | 16 | 9 | 59 | 6 | 31 | 22 | 41 | -1 | 34 | 3 | 25 | 6 | 63 | -1 | -1 | -1 | 0 | 9 | -1.0000 | 67.0000 | -1 | -1 | 25 | 56 | 19 | 44 | 8 | 29 | 74 |  | 99999 | 68560 | 60.1125 | -149.4408 | AK |  |  | 1011 Fourth Ave | Seward | 99664 | 2122001300 | 2026-08-05 21:40:52.153263 | 31203201-a7f1-49c9-bc5d-0bd8ba22f40a
31DEC2025 | Projects | AK Alaska | AK Alaska 800000086 CHENANA APARTMENTS | 6 | Project Based Section 8 | 5 | NC/SR | CHENANA APARTMENTS | 800000086 | 51.0000 | 37.0000 | 72.0000 | 35.0000 | 95.0000 | 9.0000 | 11 | 2.1000 | 74.0000 | 385.0000 | 1541.0000 | 15983.0000 | 7559.0000 | -1 | 29 | 11 | 6 | 17 | 11 | 9 | 11 | 6 | 31 | 3 | 66 | 18 | 100 | 100 | 77 | 3 | 57 | 26 | 29 | 23 | 37 | 77 | 49 | 23 | 11 | 6 | 50 | 11 | 5 | 89 | 9 | 69 | 11 | 11 | -1 | 40 | 3 | 37 | -1 | 57 | -1 | -1 | -1 | 0 | 3 | -1.0000 | 51.0000 | 100 | 147 | 23 | 60 | 17 | 11 | 7 | 39 | 45 |  | 21820 | 16750 | 64.8427 | -147.8716 | AK |  |  |  | Fairbanks | 99709 | 2090000800 | 2026-08-05 21:40:52.153263 | 31203201-a7f1-49c9-bc5d-0bd8ba22f40a
31DEC2025 | Projects | AK Alaska | AK Alaska 800000087 17635024 CHINOOK APARTMENTS | 6 | Project Based Section 8 | 5 | LMSA | CHINOOK APARTMENTS | 800000087 17635024 | 64.0000 | 60.0000 | 93.0000 | 64.0000 | 100.0000 | 5.0000 | 14 | 1.6000 | 105.0000 | 287.0000 | 963.0000 | 11679.0000 | 7118.0000 | 5 | 44 | 6 | 11 | 16 | 3 | 3 | 9 | 3 | 22 | 3 | 69 | 12 | 100 | 100 | 86 | 3 | 20 | 11 | 14 | 9 | 75 | 63 | 16 | 6 | 9 | 4 | 33 | 13 | 8 | 81 | 8 | 47 | 27 | 19 | -1 | 70 | 5 | 45 | 17 | 28 | -1 | -1 | 3 | 3 | 9 | -1.0000 | 74.0000 | 100 | 112 | 55 | 45 | -1 | 5 | 6 | 43 | 53 |  | 27940 | 36400 | 58.3810 | -134.5819 | AK |  |  | 9160 Cinema Dr | Juneau | 99801 | 2110000200 | 2026-08-05 21:40:52.153263 | 31203201-a7f1-49c9-bc5d-0bd8ba22f40a
31DEC2025 | Projects | AK Alaska | AK Alaska 800000088 CHUGACH VIEW | 6 | Project Based Section 8 | 5 | NC/SR | CHUGACH VIEW | 800000088 | 120.0000 | 108.0000 | 90.0000 | 114.0000 | 100.0000 | 6.0000 | 16 | 1.1000 | 122.0000 | 503.0000 | 722.0000 | 20777.0000 | 19415.0000 | -1 | 1 | 4 | 4 | 56 | 18 | 9 | 9 | 1 | 1 | 4 | 95 | 23 | 100 | 100 | 89 | -1 | -1 | -1 | -1 | -1 | 100 | 52 | -1 | -1 | 45 | 100 | 39 | 45 | 42 | 9 | -1 | 3 | 6 | 91 | 13 | 61 | 11 | 9 | 29 | 38 | 3 | 3 | 6 | 11 | 4 | -1.0000 | 89.0000 | -1 | -1 | 100 | -1 | -1 | -1 | 24 | 63 | 15 |  | 11260 | 03000 | 61.2049 | -149.8599 | AK |  |  | 1280 E 17th Ave | Anchorage | 99501 | 2020000902 | 2026-08-05 21:40:52.153263 | 31203201-a7f1-49c9-bc5d-0bd8ba22f40a
31DEC2025 | Projects | AK Alaska | AK Alaska 800000089 17635020 COHO PARK APARTMENTS | 6 | Project Based Section 8 | 5 | NC/SR | COHO PARK APARTMENTS | 800000089 17635020 | 52.0000 | 49.0000 | 93.0000 | 51.0000 | 100.0000 | 6.0000 | 10 | 2.5000 | 127.0000 | 279.0000 | 1125.0000 | 12424.0000 | 4989.0000 | -1 | 39 | 20 | 6 | 10 | 8 | 6 | 8 | 4 | 29 | 2 | 69 | 12 | 100 | 100 | 90 | 8 | 61 | 22 | 47 | 25 | 31 | 73 | 51 | 18 | 8 | 4 | 40 | 10 | 4 | 90 | 8 | 65 | 18 | 10 | -1 | 78 | 4 | 47 | 22 | 22 | -1 | 2 | 4 | 6 | 12 | -1.0000 | 86.0000 | 100 | 125 | 24 | 59 | 18 | 2 | 10 | 46 | 55 |  | 27940 | 36400 | 58.3874 | -134.5610 | AK |  |  | 3601 Amalga St | Juneau | 99801 | 2110000300 | 2026-08-05 21:40:52.153263 | 31203201-a7f1-49c9-bc5d-0bd8ba22f40a
31DEC2025 | Projects | AK Alaska | AK Alaska 800000091 176EH003 DAYBREAK INC. | 6 | Project Based Section 8 | 5 | 202/8 | DAYBREAK INC. | 800000091 176EH003 | 19.0000 | 15.0000 | 77.0000 | 15.0000 | 100.0000 | 8.0000 | 40 | 1.0000 | 15.0000 | 298.0000 | 1214.0000 | 12321.0000 | 12321.0000 | -1 | 33 | 13 | -1 | 40 | 13 | -1 | -1 | -1 | 7 | 7 | 87 | 15 | 100 | 100 | 100 | -1 | -1 | -1 | -1 | -1 | 100 | 33 | -1 | -1 | 93 | 100 | 80 | 93 | 93 | 67 | 20 | 33 | 13 | 33 | 7 | 7 | -1 | 7 | -1 | 80 | -1 | -1 | -1 | 0 | 0 | -1.0000 | 76.0000 | -1 | -1 | 100 | -1 | -1 | -1 | 10 | 28 | 82 |  | 11260 | 99999 | 61.6030 | -149.1488 | AK |  |  | 2080 N Hemmer Rd | Palmer | 99645 | 2170001202 | 2026-08-05 21:40:52.153263 | 31203201-a7f1-49c9-bc5d-0bd8ba22f40a
31DEC2025 | Projects | AK Alaska | AK Alaska 800000093 17611047 EXECUTIVE ESTATES | 6 | Project Based Section 8 | 5 | NC/SR | EXECUTIVE ESTATES | 800000093 17611047 | 101.0000 | 93.0000 | 92.0000 | 84.0000 | 91.0000 | 6.0000 | 14 | 2.1000 | 175.0000 | 404.0000 | 1200.0000 | 16786.0000 | 8057.0000 | 2 | 21 | 14 | 13 | 10 | 14 | 8 | 11 | 6 | 38 | 4 | 55 | 18 | 100 | 98 | 80 | 10 | 45 | 18 | 37 | 17 | 43 | 75 | 44 | 13 | 5 | 4 | 8 | 6 | 3 | 86 | 10 | 69 | 7 | 14 | 1 | 60 | 10 | 39 | 10 | 39 | -1 | -1 | 1 | 1 | 0 | -1.0000 | 78.0000 | 100 | 144 | 27 | 60 | 13 | 7 | 11 | 47 | 38 |  | 21820 | 24230 | 64.8328 | -147.8019 | AK |  |  | 1620 Washington Dr | Fairbanks | 99709 | 2090000700 | 2026-08-05 21:40:52.153263 | 31203201-a7f1-49c9-bc5d-0bd8ba22f40a
31DEC2025 | Projects | AK Alaska | AK Alaska 800000093 17635014 EXECUTIVE ESTATES | 6 | Project Based Section 8 | 5 | NC/SR | EXECUTIVE ESTATES | 800000093 17635014 | 7.0000 | -4.0000 | -4.0000 | -4.0000 | -4.0000 | -4.0000 | -4 | -4.0000 | -4.0000 | -4.0000 | -4.0000 | -4.0000 | -4.0000 | -4 | -4 | -4 | -4 | -4 | -4 | -4 | -4 | -4 | -4 | -4 | -4 | -4 | -4 | -4 | -4 | -4 | -4 | -4 | -4 | -4 | -4 | -4 | -4 | -4 | -4 | -4 | -4 | -4 | -4 | -4 | -4 | -4 | -4 | -4 | -4 | -4 | -4 | -4 | -4 | -4 | -4 | -4 | -4 | -4 | -4 | -4.0000 | -4.0000 | -4 | -4 | -4 | -4 | -4 | -4 | -4 | -4 | -4 |  | 21820 | 24230 | 64.8328 | -147.8019 | AK |  |  | 1620 Washington Dr | Fairbanks | 99709 | 2090000700 | 2026-08-05 21:40:52.153263 | 31203201-a7f1-49c9-bc5d-0bd8ba22f40a
31DEC2025 | Projects | AK Alaska | AK Alaska 800000094 176HD002 FIREWEED HOUSING DEVELOPMENT | 6 | 811/PRAC | 9 | 811/PRAC | FIREWEED HOUSING DEVELOPMENT | 800000094 176HD002 | 15.0000 | 11.0000 | 72.0000 | 11.0000 | 100.0000 | 7.0000 | 18 | 2.1000 | 23.0000 | 416.0000 | 487.0000 | 17416.0000 | 8329.0000 | -1 | 9 | -1 | 9 | 45 | 27 | 9 | -1 | -1 | 9 | 9 | 82 | 20 | 100 | 100 | 100 | 9 | 55 | -1 | 18 | 45 | 36 | 64 | 36 | -1 | 100 | 100 | -1 | 100 | 48 | 100 | -1 | 82 | 18 | -1 | -1 | 9 | -1 | -1 | -1 | 91 | -1 | 9 | -1 | 9 | 0 | -1.0000 | 79.0000 | -1 | -1 | 100 | -1 | -1 | -1 | 7 | 23 | 58 |  | 11260 | 83080 | 61.5712 | -149.4458 | AK |  |  | 1075 S Check St Ste 202 | Wasilla | 99654 | 2170000900 | 2026-08-05 21:40:52.153263 | 31203201-a7f1-49c9-bc5d-0bd8ba22f40a
31DEC2025 | Projects | AK Alaska | AK Alaska 800000094 176HD006 GLACIER VALLEY HOMES INC. | 6 | 811/PRAC | 9 | 811/PRAC | GLACIER VALLEY HOMES INC. | 800000094 176HD006 | 5.0000 | -4.0000 | -4.0000 | -4.0000 | -4.0000 | -4.0000 | -4 | -4.0000 | -4.0000 | -4.0000 | -4.0000 | -4.0000 | -4.0000 | -4 | -4 | -4 | -4 | -4 | -4 | -4 | -4 | -4 | -4 | -4 | -4 | -4 | -4 | -4 | -4 | -4 | -4 | -4 | -4 | -4 | -4 | -4 | -4 | -4 | -4 | -4 | -4 | -4 | -4 | -4 | -4 | -4 | -4 | -4 | -4 | -4 | -4 | -4 | -4 | -4 | -4 | -4 | -4 | -4 | -4 | -4.0000 | -4.0000 | -4 | -4 | -4 | -4 | -4 | -4 | -4 | -4 | -4 |  | 11260 | 83080 | 61.5712 | -149.4458 | AK |  |  | 1075 S Check St Ste 202 | Wasilla | 99654 | 2170000900 | 2026-08-05 21:40:52.153263 | 31203201-a7f1-49c9-bc5d-0bd8ba22f40a
31DEC2025 | Projects | AK Alaska | AK Alaska 800000094 176HD020 SOUTH COLONY APARTMENTS | 6 | 811/PRAC | 9 | 811/PRAC | SOUTH COLONY APARTMENTS | 800000094 176HD020 | 4.0000 | -4.0000 | -4.0000 | -4.0000 | -4.0000 | -4.0000 | -4 | -4.0000 | -4.0000 | -4.0000 | -4.0000 | -4.0000 | -4.0000 | -4 | -4 | -4 | -4 | -4 | -4 | -4 | -4 | -4 | -4 | -4 | -4 | -4 | -4 | -4 | -4 | -4 | -4 | -4 | -4 | -4 | -4 | -4 | -4 | -4 | -4 | -4 | -4 | -4 | -4 | -4 | -4 | -4 | -4 | -4 | -4 | -4 | -4 | -4 | -4 | -4 | -4 | -4 | -4 | -4 | -4 | -4.0000 | -4.0000 | -4 | -4 | -4 | -4 | -4 | -4 | -4 | -4 | -4 |  | 11260 | 83080 | 61.5712 | -149.4458 | AK |  |  | 1075 S Check St Ste 202 | Wasilla | 99654 | 2170000900 | 2026-08-05 21:40:52.153263 | 31203201-a7f1-49c9-bc5d-0bd8ba22f40a
31DEC2025 | Projects | AK Alaska | AK Alaska 800000097 GLACIER VIEW | 6 | Project Based Section 8 | 5 | NC/SR | GLACIER VIEW | 800000097 | 30.0000 | 29.0000 | 95.0000 | 30.0000 | 100.0000 | 6.0000 | 17 | 1.2000 | 35.0000 | 572.0000 | 1045.0000 | 24300.0000 | 20829.0000 | -1 | 3 | -1 | 3 | 43 | 17 | 13 | 10 | 10 | 7 | -1 | 93 | 30 | 100 | 90 | 67 | -1 | 7 | -1 | 7 | 3 | 93 | 30 | 7 | -1 | 57 | 100 | 41 | 57 | 49 | 27 | -1 | 20 | 7 | 73 | -1 | 20 | 7 | 7 | 3 | 80 | -1 | 3 | -1 | 3 | 3 | -1.0000 | 96.0000 | -1 | -1 | 100 | -1 | -1 | -1 | 8 | 29 | 74 |  | 99999 | 68560 | 60.1048 | -149.4476 | AK |  |  | 200 Lowell Canyon Rd | Seward | 99664 | 2122001300 | 2026-08-05 21:40:52.153263 | 31203201-a7f1-49c9-bc5d-0bd8ba22f40a
31DEC2025 | Projects | AK Alaska | AK Alaska 800000098 GOLDEN TOWERS | 6 | Project Based Section 8 | 5 | NC/SR | GOLDEN TOWERS | 800000098 | 96.0000 | 85.0000 | 88.0000 | 85.0000 | 100.0000 | 6.0000 | 13 | 1.0000 | 87.0000 | 529.0000 | 878.0000 | 22597.0000 | 22078.0000 | -1 | 1 | -1 | 2 | 52 | 21 | 11 | 8 | 5 | 1 | -1 | 99 | 28 | 100 | 95 | 73 | -1 | -1 | -1 | -1 | -1 | 100 | 56 | -1 | -1 | 38 | -1 | 38 | 38 | 37 | -1 | -1 | -1 | -1 | 100 | 5 | 35 | 9 | 19 | 5 | 65 | -1 | 2 | -1 | 2 | 5 | -1.0000 | 81.0000 | -1 | -1 | 100 | -1 | -1 | -1 | 25 | 45 | 27 |  | 21820 | 24230 | 64.8431 | -147.7135 | AK |  |  | 330 3rd Ave | Fairbanks | 99701 | 2090000100 | 2026-08-05 21:40:52.153263 | 31203201-a7f1-49c9-bc5d-0bd8ba22f40a
31DEC2025 | Projects | AK Alaska | AK Alaska 800000099 17644019 GRUENING PARK APARTMENTS | 6 | Project Based Section 8 | 5 | LMSA | GRUENING PARK APARTMENTS | 800000099 17644019 | 56.0000 | 36.0000 | 64.0000 | 39.0000 | 100.0000 | 7.0000 | 15 | 2.7000 | 104.0000 | 709.0000 | 878.0000 | 29177.0000 | 10941.0000 | -1 | 5 | 5 | 8 | 15 | 13 | 8 | 18 | 28 | 46 | 8 | 46 | 27 | 100 | 92 | 59 | 15 | 51 | 15 | 44 | 31 | 31 | 56 | 49 | 10 | 13 | 10 | 22 | 15 | 7 | 79 | 5 | 59 | 15 | 21 | -1 | 74 | 3 | 64 | -1 | 26 | -1 | -1 | 8 | 8 | 15 | -1.0000 | 82.0000 | 100 | 46 | 15 | 33 | 51 | 10 | 13 | 55 | 32 |  | 27940 | 36400 | 58.3600 | -134.5100 | AK |  |  | 1800 Northwood Dr | Juneau | 99801 | 2110000400 | 2026-08-05 21:40:52.153263 | 31203201-a7f1-49c9-bc5d-0bd8ba22f40a
31DEC2025 | Projects | AK Alaska | AK Alaska 800000101 176HD009 DOUGLAS TERRACE | 6 | 811/PRAC | 9 | 811/PRAC | DOUGLAS TERRACE | 800000101 176HD009 | 15.0000 | 14.0000 | 95.0000 | 14.0000 | 98.0000 | 8.0000 | 7 | 1.0000 | 14.0000 | 446.0000 | 1343.0000 | 18284.0000 | 18284.0000 | -1 | -1 | 7 | 21 | 50 | 7 | -1 | 14 | -1 | 7 | 7 | 86 | 21 | 100 | 100 | 86 | -1 | -1 | -1 | -1 | -1 | 100 | -1 | -1 | -1 | 100 | 100 | 100 | 100 | 100 | 36 | -1 | 21 | 14 | 64 | -1 | 43 | -1 | 29 | 7 | 57 | -1 | -1 | 7 | 7 | 14 | -1.0000 | 125.0000 | -1 | -1 | 100 | -1 | -1 | -1 | 9 | 33 | 36 |  | 27940 | 36400 | 58.2859 | -134.4133 | AK |  |  | 2460 Douglas Hwy | Juneau | 99801 | 2110000600 | 2026-08-05 21:40:52.153263 | 31203201-a7f1-49c9-bc5d-0bd8ba22f40a
31DEC2025 | Projects | AK Alaska | AK Alaska 800000102 17644014 JEWEL LAKE VILLAS | 6 | Project Based Section 8 | 5 | LMSA | JEWEL LAKE VILLAS | 800000102 17644014 | 123.0000 | 100.0000 | 81.0000 | 91.0000 | 91.0000 | 9.0000 | 14 | 2.9000 | 264.0000 | 515.0000 | 1550.0000 | 21609.0000 | 7449.0000 | -1 | 16 | 12 | 9 | 14 | 16 | 7 | 13 | 12 | 30 | -1 | 70 | 20 | 100 | 98 | 79 | 7 | 74 | 43 | 54 | 24 | 20 | 89 | 74 | 40 | 12 | 8 | 38 | 15 | 6 | 88 | 7 | 69 | 12 | 12 | -1 | 76 | 10 | 42 | 16 | 23 | 1 | 1 | 5 | 8 | 9 | -1.0000 | 65.0000 | -1 | -1 | 10 | 52 | 38 | 3 | 5 | 49 | 38 |  | 11260 | 03000 | 61.1389 | -149.9447 | AK |  |  | 8980 Blackberry St | Anchorage | 99502 | 2020002304 | 2026-08-05 21:40:52.153263 | 31203201-a7f1-49c9-bc5d-0bd8ba22f40a
31DEC2025 | Projects | AK Alaska | AK Alaska 800000107 LITTLE DIPPER APARTMENTS | 6 | Project Based Section 8 | 5 | LMSA | LITTLE DIPPER APARTMENTS | 800000107 | 30.0000 | 24.0000 | 79.0000 | 11.0000 | 46.0000 | 9.0000 | 27 | 2.2000 | 24.0000 | 315.0000 | 1320.0000 | 13257.0000 | 6076.0000 | -1 | 18 | 27 | 9 | 27 | 9 | -1 | 9 | -1 | 18 | -1 | 82 | 15 | 100 | 100 | 91 | -1 | 45 | 36 | 27 | 36 | 55 | 55 | 45 | 36 | 18 | 13 | 33 | 18 | 8 | 73 | 27 | 45 | -1 | 27 | 9 | 73 | 18 | 27 | 9 | 27 | 9 | -1 | 9 | 18 | 0 | -1.0000 | 67.0000 | 100 | 86 | 18 | 64 | 18 | 27 | 14 | 60 | 21 |  | 21820 | 24230 | 64.8299 | -147.7237 | AK |  |  | 1910 Turner St | Fairbanks | 99701 | 2090000300 | 2026-08-05 21:40:52.153263 | 31203201-a7f1-49c9-bc5d-0bd8ba22f40a
31DEC2025 | Projects | AK Alaska | AK Alaska 800000108 176EE007 MULDOON MANOR | 6 | 202/PRAC | 8 | 202/PRAC | MULDOON MANOR | 800000108 176EE007 | 19.0000 | 19.0000 | 98.0000 | 19.0000 | 100.0000 | 6.0000 | 5 | 1.1000 | 21.0000 | 517.0000 | 645.0000 | 22776.0000 | 20607.0000 | -1 | -1 | -1 | -1 | 42 | 32 | 11 | 16 | -1 | -1 | -1 | 100 | 25 | 100 | 100 | 74 | -1 | -1 | -1 | -1 | -1 | 100 | 74 | -1 | -1 | -1 | -1 | -1 | -1 | 0 | -1 | -1 | -1 | -1 | 100 | 16 | 58 | 16 | 11 | 21 | 42 | -1 | -1 | 11 | 11 | 0 | -1.0000 | 92.0000 | -1 | -1 | 100 | -1 | -1 | -1 | 7 | 59 | 41 |  | 11260 | 03000 | 61.2014 | -149.7340 | AK |  |  | 2040 Muldoon Rd | Anchorage | 99504 | 2020001731 | 2026-08-05 21:40:52.153263 | 31203201-a7f1-49c9-bc5d-0bd8ba22f40a
31DEC2025 | Projects | AK Alaska | AK Alaska 800000111 176EE001 MOORE STREET SENIORS, INC. | 6 | 202/PRAC | 8 | 202/PRAC | MOORE STREET SENIORS, INC. | 800000111 176EE001 | 19.0000 | 19.0000 | 100.0000 | 18.0000 | 95.0000 | 5.0000 | 17 | 1.1000 | 19.0000 | 611.0000 | 683.0000 | 28482.0000 | 26982.0000 | -1 | -1 | -1 | 6 | 33 | 11 | 6 | 33 | 11 | 6 | -1 | 94 | 35 | 94 | 94 | 44 | -1 | -1 | -1 | -1 | -1 | 100 | 83 | -1 | -1 | 11 | -1 | 11 | 11 | 11 | -1 | -1 | -1 | -1 | 100 | 22 | 11 | -1 | -1 | -1 | 89 | -1 | 11 | -1 | 11 | 0 | -1.0000 | 57.0000 | -1 | -1 | 100 | -1 | -1 | -1 | 9 | 45 | 41 |  | 21820 | 24230 | 64.8354 | -147.7702 | AK |  |  | 1420 Moore St | Fairbanks | 99701 | 2090000200 | 2026-08-05 21:40:52.153263 | 31203201-a7f1-49c9-bc5d-0bd8ba22f40a
31DEC2025 | Projects | AK Alaska | AK Alaska 800000112 PETERSBURG ELDERLY HOUSING | 6 | Project Based Section 8 | 5 | NC/SR | PETERSBURG ELDERLY HOUSING | 800000112 | 24.0000 | 23.0000 | 95.0000 | 25.0000 | 100.0000 | 6.0000 | 16 | 1.1000 | 28.0000 | 507.0000 | 1211.0000 | 23047.0000 | 20578.0000 | -1 | -1 | -1 | 12 | 24 | 32 | 16 | 16 | -1 | 4 | -1 | 96 | 31 | 100 | 96 | 44 | -1 | -1 | -1 | -1 | -1 | 100 | 68 | -1 | -1 | 28 | 67 | 23 | 28 | 25 | 12 | -1 | 12 | -1 | 88 | 8 | 20 | 4 | 8 | 8 | 80 | -1 | -1 | -1 | 0 | 4 | -1.0000 | 103.0000 | -1 | -1 | 96 | 4 | -1 | -1 | 6 | 28 | 72 |  | 99999 | 60310 | 56.8133 | -132.9354 | AK |  |  | 16 N 12th St | Petersburg | 99833 | 2195000200 | 2026-08-05 21:40:52.153263 | 31203201-a7f1-49c9-bc5d-0bd8ba22f40a
31DEC2025 | Projects | AK Alaska | AK Alaska 800000113 17635013 PARKWEST APARTMENTS | 6 | Project Based Section 8 | 5 | NC/SR | PARKWEST APARTMENTS | 800000113 17635013 | 82.0000 | 75.0000 | 92.0000 | 74.0000 | 98.0000 | 6.0000 | 14 | 1.8000 | 131.0000 | 521.0000 | 1019.0000 | 21069.0000 | 11901.0000 | 5 | 15 | 7 | 5 | 20 | 15 | 8 | 14 | 11 | 31 | 3 | 61 | 24 | 100 | 91 | 66 | -1 | 42 | 22 | 19 | 11 | 58 | 80 | 36 | 20 | 32 | 12 | 75 | 34 | 19 | 68 | 7 | 47 | 14 | 32 | -1 | 26 | 5 | 19 | 1 | 22 | -1 | -1 | -1 | 0 | 0 | -1.0000 | 97.0000 | -1 | -1 | 51 | 49 | -1 | 1 | 7 | 44 | 54 |  | 21820 | 16750 | 64.8518 | -147.8033 | AK |  |  | 2012 Sandvik St | Fairbanks | 99709 | 2090000600 | 2026-08-05 21:40:52.153263 | 31203201-a7f1-49c9-bc5d-0bd8ba22f40a
31DEC2025 | Projects | AK Alaska | AK Alaska 800000114 NORTH WIND APARTMENTS | 6 | Project Based Section 8 | 5 | LMSA | NORTH WIND APARTMENTS | 800000114 | 24.0000 | 23.0000 | 97.0000 | 21.0000 | 91.0000 | 3.0000 | 29 | 2.5000 | 52.0000 | 452.0000 | 1395.0000 | 18524.0000 | 7481.0000 | 10 | 24 | 5 | 14 | 14 | -1 | 10 | 14 | 10 | 57 | 5 | 24 | 21 | 100 | 90 | 67 | 24 | 33 | 24 | 33 | 19 | 38 | 52 | 33 | 10 | -1 | -1 | -1 | -1 | 0 | 90 | 10 | 71 | 10 | 10 | -1 | 14 | -1 | 10 | -1 | 24 | -1 | -1 | 5 | 5 | 0 | -1.0000 | 52.0000 | -1 | -1 | -1 | 76 | 24 | 33 | 6 | 28 | 72 |  | 99999 | 60310 | 56.8133 | -132.9354 | AK |  |  | 103 S 3rd St | Petersburg | 99833 | 2195000200 | 2026-08-05 21:40:52.153263 | 31203201-a7f1-49c9-bc5d-0bd8ba22f40a
31DEC2025 | Projects | AK Alaska | AK Alaska 800000115 PTARMIGAN PARK | 6 | Project Based Section 8 | 5 | NC/SR | PTARMIGAN PARK | 800000115 | 17.0000 | 12.0000 | 72.0000 | 11.0000 | 90.0000 | 6.0000 | 18 | 2.0000 | 22.0000 | 509.0000 | 972.0000 | 20883.0000 | 10441.0000 | -1 | 9 | 9 | 18 | 36 | -1 | -1 | 9 | 18 | 45 | -1 | 55 | 21 | 100 | 91 | 73 | -1 | 45 | 18 | 27 | 18 | 45 | 91 | 45 | 18 | 18 | 13 | 33 | 18 | 14 | 73 | -1 | 55 | 18 | 27 | 9 | 64 | -1 | 18 | 27 | 27 | -1 | 9 | 9 | 18 | 9 | -1.0000 | 98.0000 | 100 | 97 | -1 | 73 | 27 | 45 | 24 | 63 | 15 |  | 11260 | 03000 | 61.2033 | -149.8611 | AK |  |  | 1122 E 19th Ave | Anchorage | 99501 | 2020000902 | 2026-08-05 21:40:52.153263 | 31203201-a7f1-49c9-bc5d-0bd8ba22f40a
31DEC2025 | Projects | AK Alaska | AK Alaska 800000116 176EE004 SMITH HALL INC | 6 | 202/PRAC | 8 | 202/PRAC | SMITH HALL INC | 800000116 176EE004 | 24.0000 | 24.0000 | 99.0000 | 24.0000 | 100.0000 | 12.0000 | 8 | 1.0000 | 25.0000 | 537.0000 | 563.0000 | 22459.0000 | 21561.0000 | -1 | -1 | -1 | -1 | 54 | 33 | -1 | 4 | 8 | 8 | 4 | 88 | 26 | 100 | 96 | 88 | -1 | -1 | -1 | -1 | -1 | 100 | 54 | -1 | -1 | -1 | -1 | -1 | -1 | 0 | -1 | -1 | -1 | -1 | 100 | -1 | 42 | -1 | 21 | 17 | 42 | -1 | -1 | 4 | 4 | 4 | -1.0000 | 95.0000 | -1 | -1 | 100 | -1 | -1 | -1 | 11 | 46 | 55 |  | 27940 | 36400 | 58.3604 | -134.5745 | AK |  |  | 8619 Teal St | Juneau | 99801 | 2110000300 | 2026-08-05 21:40:52.153263 | 31203201-a7f1-49c9-bc5d-0bd8ba22f40a
31DEC2025 | Projects | AK Alaska | AK Alaska 800000117 STEPHENS PARK APTS | 6 | Project Based Section 8 | 5 | LMSA | STEPHENS PARK APTS | 800000117 | 30.0000 | 29.0000 | 95.0000 | 28.0000 | 97.0000 | 6.0000 | 7 | 2.2000 | 61.0000 | 389.0000 | 1023.0000 | 16292.0000 | 7478.0000 | -1 | 11 | 25 | 21 | 11 | 14 | 7 | 7 | 4 | 25 | 14 | 61 | 16 | 100 | 100 | 89 | 4 | 57 | 21 | 14 | 29 | 39 | 86 | 61 | 21 | 18 | 5 | 50 | 18 | 8 | 71 | 4 | 57 | 11 | 29 | 4 | 79 | 7 | 36 | 18 | 14 | 4 | 7 | 7 | 18 | 0 | -1.0000 | 72.0000 | -1 | -1 | 18 | 75 | 7 | -1 | 11 | 36 | 62 |  | 11260 | 03000 | 61.1916 | -149.8598 | AK |  |  | 3200 Latouche St | Anchorage | 99508 | 2020001500 | 2026-08-05 21:40:52.153263 | 31203201-a7f1-49c9-bc5d-0bd8ba22f40a
31DEC2025 | Projects | AK Alaska | AK Alaska 800000118 SUNSET VIEW | 6 | Project Based Section 8 | 5 | NC/SR | SUNSET VIEW | 800000118 | 22.0000 | 18.0000 | 81.0000 | 15.0000 | 84.0000 | 8.0000 | 13 | 1.0000 | 15.0000 | 476.0000 | 1033.0000 | 20565.0000 | 20565.0000 | -1 | -1 | -1 | 20 | 33 | 40 | -1 | 7 | -1 | -1 | -1 | 100 | 26 | 100 | 100 | 67 | -1 | -1 | -1 | -1 | -1 | 100 | 40 | -1 | -1 | 27 | 100 | 21 | 27 | 27 | 7 | -1 | -1 | 7 | 93 | 7 | 27 | -1 | 20 | 7 | 73 | -1 | -1 | -1 | 0 | 13 | -1.0000 | 70.0000 | -1 | -1 | 100 | -1 | -1 | -1 | 1 | 38 | 70 |  | 99999 | 17410 | 60.5466 | -145.7574 | AK |  |  | 401 Second St | Cordova | 99574 | 2063000200 | 2026-08-05 21:40:52.153263 | 31203201-a7f1-49c9-bc5d-0bd8ba22f40a
31DEC2025 | Projects | AK Alaska | AK Alaska 800000119 17644024 CHESTER CREEK ESTATES | 6 | Project Based Section 8 | 5 | LMSA | CHESTER CREEK ESTATES | 800000119 17644024 | 56.0000 | 53.0000 | 95.0000 | 58.0000 | 100.0000 | 6.0000 | 17 | 2.6000 | 153.0000 | 764.0000 | 1147.0000 | 31776.0000 | 12046.0000 | -1 | 9 | 3 | 10 | 16 | 10 | 5 | 14 | 33 | 52 | 9 | 40 | 29 | 100 | 84 | 59 | 7 | 60 | 38 | 38 | 31 | 26 | 83 | 60 | 36 | 14 | 12 | 25 | 14 | 6 | 86 | 3 | 66 | 17 | 14 | 3 | 83 | 34 | 19 | 21 | 16 | 2 | -1 | 7 | 9 | 9 | -1.0000 | 52.0000 | 100 | 72 | 21 | 47 | 33 | 3 | 6 | 48 | 39 |  | 11260 | 03000 | 61.1954 | -149.7721 | AK |  |  | 5816 E Northern Lights Blvd | Anchorage | 99504 | 2020001701 | 2026-08-05 21:40:52.153263 | 31203201-a7f1-49c9-bc5d-0bd8ba22f40a
31DEC2025 | Projects | AK Alaska | AK Alaska 800000122 17644018 CHESTER PARK ESTATES | 6 | Project Based Section 8 | 5 | LMSA | CHESTER PARK ESTATES | 800000122 17644018 | 115.0000 | 105.0000 | 92.0000 | 110.0000 | 100.0000 | 4.0000 | 20 | 4.0000 | 440.0000 | 813.0000 | 1303.0000 | 32957.0000 | 8239.0000 | -1 | 2 | 5 | 8 | 17 | 8 | 8 | 19 | 33 | 66 | 2 | 32 | 26 | 100 | 95 | 65 | 35 | 46 | 45 | 57 | 40 | 17 | 60 | 50 | 18 | 3 | 2 | 5 | 5 | 1 | 85 | 3 | 70 | 12 | 15 | 4 | 75 | 27 | 5 | 19 | 10 | 5 | 2 | 16 | 23 | 7 | -1.0000 | 69.0000 | 100 | 86 | 5 | 12 | 83 | 15 | 24 | 63 | 15 |  | 11260 | 03000 | 61.2020 | -149.8631 | AK |  |  | 1019 E 20th Ave | Anchorage | 99501 | 2020000902 | 2026-08-05 21:40:52.153263 | 31203201-a7f1-49c9-bc5d-0bd8ba22f40a
31DEC2025 | Projects | AK Alaska | AK Alaska 800078751 176EE010 COMMODORE PARK PLAZA | 6 | 202/PRAC | 8 | 202/PRAC | COMMODORE PARK PLAZA | 800078751 176EE010 | 24.0000 | 23.0000 | 97.0000 | 24.0000 | 100.0000 | 7.0000 | 13 | 1.1000 | 26.0000 | 587.0000 | 456.0000 | 25717.0000 | 23739.0000 | -1 | -1 | -1 | 4 | 38 | 25 | 8 | 13 | 13 | 4 | 8 | 88 | 28 | 100 | 100 | 67 | -1 | -1 | -1 | -1 | -1 | 100 | 71 | -1 | -1 | -1 | -1 | -1 | -1 | 0 | -1 | -1 | -1 | -1 | 100 | 21 | 38 | 4 | -1 | 29 | 58 | -1 | -1 | 4 | 4 | 0 | -1.0000 | 74.0000 | -1 | -1 | 100 | -1 | -1 | -1 | 10 | 55 | 26 |  | 11260 | 03000 | 61.1267 | -149.8474 | AK |  |  | 10415 Jamestown Dr | Anchorage | 99507 | 2020002811 | 2026-08-05 21:40:52.153263 | 31203201-a7f1-49c9-bc5d-0bd8ba22f40a
31DEC2025 | Projects | AK Alaska | AK Alaska 800078754 176EE013 MID-VALLEY MANOR | 6 | 202/PRAC | 8 | 202/PRAC | MID-VALLEY MANOR | 800078754 176EE013 | 5.0000 | -4.0000 | -4.0000 | -4.0000 | -4.0000 | -4.0000 | -4 | -4.0000 | -4.0000 | -4.0000 | -4.0000 | -4.0000 | -4.0000 | -4 | -4 | -4 | -4 | -4 | -4 | -4 | -4 | -4 | -4 | -4 | -4 | -4 | -4 | -4 | -4 | -4 | -4 | -4 | -4 | -4 | -4 | -4 | -4 | -4 | -4 | -4 | -4 | -4 | -4 | -4 | -4 | -4 | -4 | -4 | -4 | -4 | -4 | -4 | -4 | -4 | -4 | -4 | -4 | -4 | -4 | -4.0000 | -4.0000 | -4 | -4 | -4 | -4 | -4 | -4 | -4 | -4 | -4 |  | 11260 | 33800 | 61.5837 | -149.7494 | AK |  |  | 11913 W Mid Valley Way | Houston | 99623 | 2170000401 | 2026-08-05 21:40:52.153263 | 31203201-a7f1-49c9-bc5d-0bd8ba22f40a
31DEC2025 | Projects | AK Alaska | AK Alaska 800078764 176HD010 NEW NEIGHBORS, INC | 6 | 811/PRAC | 9 | 811/PRAC | NEW NEIGHBORS, INC | 800078764 176HD010 | 10.0000 | -4.0000 | -4.0000 | -4.0000 | -4.0000 | -4.0000 | -4 | -4.0000 | -4.0000 | -4.0000 | -4.0000 | -4.0000 | -4.0000 | -4 | -4 | -4 | -4 | -4 | -4 | -4 | -4 | -4 | -4 | -4 | -4 | -4 | -4 | -4 | -4 | -4 | -4 | -4 | -4 | -4 | -4 | -4 | -4 | -4 | -4 | -4 | -4 | -4 | -4 | -4 | -4 | -4 | -4 | -4 | -4 | -4 | -4 | -4 | -4 | -4 | -4 | -4 | -4 | -4 | -4 | -4.0000 | -4.0000 | -4 | -4 | -4 | -4 | -4 | -4 | -4 | -4 | -4 |  | 11260 | 03000 | 61.2213 | -149.7388 | AK |  |  | 247 Melody Pl | Anchorage | 99504 | 2020000702 | 2026-08-05 21:40:52.153263 | 31203201-a7f1-49c9-bc5d-0bd8ba22f40a
31DEC2025 | Projects | AK Alaska | AK Alaska 800078765 176HD011 HOPE COMMUNITY HOMES I | 6 | 811/PRAC | 9 | 811/PRAC | HOPE COMMUNITY HOMES I | 800078765 176HD011 | 4.0000 | -4.0000 | -4.0000 | -4.0000 | -4.0000 | -4.0000 | -4 | -4.0000 | -4.0000 | -4.0000 | -4.0000 | -4.0000 | -4.0000 | -4 | -4 | -4 | -4 | -4 | -4 | -4 | -4 | -4 | -4 | -4 | -4 | -4 | -4 | -4 | -4 | -4 | -4 | -4 | -4 | -4 | -4 | -4 | -4 | -4 | -4 | -4 | -4 | -4 | -4 | -4 | -4 | -4 | -4 | -4 | -4 | -4 | -4 | -4 | -4 | -4 | -4 | -4 | -4 | -4 | -4 | -4.0000 | -4.0000 | -4 | -4 | -4 | -4 | -4 | -4 | -4 | -4 | -4 |  | 11260 | 03000 | 61.1384 | -149.8326 | AK |  |  | 9130 Seal Point Cir | Anchorage | 99507 | 2020002603 | 2026-08-05 21:40:52.153263 | 31203201-a7f1-49c9-bc5d-0bd8ba22f40a
31DEC2025 | Projects | AK Alaska | AK Alaska 800078766 176HD012 MARY A NORDALE HOUSE FOUNDATION | 6 | 811/PRAC | 9 | 811/PRAC | MARY A NORDALE HOUSE FOUNDATION | 800078766 176HD012 | 4.0000 | -4.0000 | -4.0000 | -4.0000 | -4.0000 | -4.0000 | -4 | -4.0000 | -4.0000 | -4.0000 | -4.0000 | -4.0000 | -4.0000 | -4 | -4 | -4 | -4 | -4 | -4 | -4 | -4 | -4 | -4 | -4 | -4 | -4 | -4 | -4 | -4 | -4 | -4 | -4 | -4 | -4 | -4 | -4 | -4 | -4 | -4 | -4 | -4 | -4 | -4 | -4 | -4 | -4 | -4 | -4 | -4 | -4 | -4 | -4 | -4 | -4 | -4 | -4 | -4 | -4 | -4 | -4.0000 | -4.0000 | -4 | -4 | -4 | -4 | -4 | -4 | -4 | -4 | -4 |  | 21820 | 24230 | 64.8417 | -147.6971 | AK |  |  | 594 Slater Dr | Fairbanks | 99701 | 2090000400 | 2026-08-05 21:40:52.153263 | 31203201-a7f1-49c9-bc5d-0bd8ba22f40a
31DEC2025 | Projects | AK Alaska | AK Alaska 800078767 176HD013 A.A.S.C. HOUSING 1, INC. | 6 | 811/PRAC | 9 | 811/PRAC | A.A.S.C. HOUSING 1, INC. | 800078767 176HD013 | 8.0000 | -4.0000 | -4.0000 | -4.0000 | -4.0000 | -4.0000 | -4 | -4.0000 | -4.0000 | -4.0000 | -4.0000 | -4.0000 | -4.0000 | -4 | -4 | -4 | -4 | -4 | -4 | -4 | -4 | -4 | -4 | -4 | -4 | -4 | -4 | -4 | -4 | -4 | -4 | -4 | -4 | -4 | -4 | -4 | -4 | -4 | -4 | -4 | -4 | -4 | -4 | -4 | -4 | -4 | -4 | -4 | -4 | -4 | -4 | -4 | -4 | -4 | -4 | -4 | -4 | -4 | -4 | -4.0000 | -4.0000 | -4 | -4 | -4 | -4 | -4 | -4 | -4 | -4 | -4 |  | 11260 | 03000 | 61.2115 | -149.8768 | AK |  |  | 420 E 11th Ave | Anchorage | 99501 | 2020001000 | 2026-08-05 21:40:52.153263 | 31203201-a7f1-49c9-bc5d-0bd8ba22f40a
31DEC2025 | Projects | AK Alaska | AK Alaska 800078768 176HD014 JOHN L NOYES HOUSE | 6 | 811/PRAC | 9 | 811/PRAC | JOHN L NOYES HOUSE | 800078768 176HD014 | 4.0000 | -4.0000 | -4.0000 | -4.0000 | -4.0000 | -4.0000 | -4 | -4.0000 | -4.0000 | -4.0000 | -4.0000 | -4.0000 | -4.0000 | -4 | -4 | -4 | -4 | -4 | -4 | -4 | -4 | -4 | -4 | -4 | -4 | -4 | -4 | -4 | -4 | -4 | -4 | -4 | -4 | -4 | -4 | -4 | -4 | -4 | -4 | -4 | -4 | -4 | -4 | -4 | -4 | -4 | -4 | -4 | -4 | -4 | -4 | -4 | -4 | -4 | -4 | -4 | -4 | -4 | -4 | -4.0000 | -4.0000 | -4 | -4 | -4 | -4 | -4 | -4 | -4 | -4 | -4 |  | 21820 | 16750 | 64.8330 | -147.8167 | AK |  |  | 3747 Erickson Ave | Fairbanks | 99709 | 2090000700 | 2026-08-05 21:40:52.153263 | 31203201-a7f1-49c9-bc5d-0bd8ba22f40a
31DEC2025 | Projects | AK Alaska | AK Alaska 800112196 176EE014 JEWEL LAKE PLAZA | 6 | 202/PRAC | 8 | 202/PRAC | JEWEL LAKE PLAZA | 800112196 176EE014 | 19.0000 | 19.0000 | 99.0000 | 19.0000 | 100.0000 | 7.0000 | 16 | 1.1000 | 20.0000 | 529.0000 | 501.0000 | 22659.0000 | 21526.0000 | -1 | -1 | 5 | -1 | 37 | 32 | 21 | -1 | 5 | 11 | -1 | 89 | 25 | 100 | 95 | 84 | -1 | -1 | -1 | -1 | -1 | 100 | 84 | -1 | -1 | -1 | -1 | -1 | -1 | 0 | -1 | -1 | -1 | -1 | 100 | -1 | 37 | 5 | -1 | 32 | 53 | -1 | -1 | -1 | 0 | 0 | -1.0000 | 68.0000 | -1 | -1 | 100 | -1 | -1 | -1 | 3 | 37 | 74 |  | 11260 | 03000 | 61.1448 | -149.9517 | AK |  |  | 8300 Jewel Lake Rd | Anchorage | 99502 | 2020002301 | 2026-08-05 21:40:52.153263 | 31203201-a7f1-49c9-bc5d-0bd8ba22f40a
31DEC2025 | Projects | AK Alaska | AK Alaska 800112381 176HD015 IVAN V. FOSHEIM HOUSE | 6 | 811/PRAC | 9 | 811/PRAC | IVAN V. FOSHEIM HOUSE | 800112381 176HD015 | 9.0000 | -4.0000 | -4.0000 | -4.0000 | -4.0000 | -4.0000 | -4 | -4.0000 | -4.0000 | -4.0000 | -4.0000 | -4.0000 | -4.0000 | -4 | -4 | -4 | -4 | -4 | -4 | -4 | -4 | -4 | -4 | -4 | -4 | -4 | -4 | -4 | -4 | -4 | -4 | -4 | -4 | -4 | -4 | -4 | -4 | -4 | -4 | -4 | -4 | -4 | -4 | -4 | -4 | -4 | -4 | -4 | -4 | -4 | -4 | -4 | -4 | -4 | -4 | -4 | -4 | -4 | -4 | -4.0000 | -4.0000 | -4 | -4 | -4 | -4 | -4 | -4 | -4 | -4 | -4 |  | 21820 | 16750 | 64.8426 | -147.8473 | AK |  |  | 4455 Condor Ct | Fairbanks | 99709 | 2090000800 | 2026-08-05 21:40:52.153263 | 31203201-a7f1-49c9-bc5d-0bd8ba22f40a
31DEC2025 | Projects | AK Alaska | AK Alaska 800112382 176HD016 AURORA COMMONS | 6 | 811/PRAC | 9 | 811/PRAC | AURORA COMMONS | 800112382 176HD016 | 5.0000 | -4.0000 | -4.0000 | -4.0000 | -4.0000 | -4.0000 | -4 | -4.0000 | -4.0000 | -4.0000 | -4.0000 | -4.0000 | -4.0000 | -4 | -4 | -4 | -4 | -4 | -4 | -4 | -4 | -4 | -4 | -4 | -4 | -4 | -4 | -4 | -4 | -4 | -4 | -4 | -4 | -4 | -4 | -4 | -4 | -4 | -4 | -4 | -4 | -4 | -4 | -4 | -4 | -4 | -4 | -4 | -4 | -4 | -4 | -4 | -4 | -4 | -4 | -4 | -4 | -4 | -4 | -4.0000 | -4.0000 | -4 | -4 | -4 | -4 | -4 | -4 | -4 | -4 | -4 |  | 99999 | 71640 | 60.4960 | -151.0643 | AK |  |  | 322 Tyee St | Soldotna | 99669 | 2122000500 | 2026-08-05 21:40:52.153263 | 31203201-a7f1-49c9-bc5d-0bd8ba22f40a
31DEC2025 | Projects | AK Alaska | AK Alaska 800211700 176EE015 RUSSIAN JACK MANOR | 6 | 202/PRAC | 8 | 202/PRAC | RUSSIAN JACK MANOR | 800211700 176EE015 | 19.0000 | 19.0000 | 100.0000 | 19.0000 | 100.0000 | 6.0000 | 11 | 1.2000 | 22.0000 | 564.0000 | 541.0000 | 23686.0000 | 20456.0000 | -1 | -1 | -1 | 11 | 16 | 37 | 16 | 21 | -1 | -1 | -1 | 100 | 26 | 100 | 100 | 74 | -1 | -1 | -1 | -1 | -1 | 100 | 68 | -1 | -1 | -1 | -1 | -1 | -1 | 0 | -1 | -1 | -1 | -1 | 100 | 5 | 63 | -1 | 26 | 37 | 16 | -1 | -1 | -1 | 0 | 0 | -1.0000 | 49.0000 | -1 | -1 | 100 | -1 | -1 | -1 | 16 | 69 | 37 |  | 11260 | 03000 | 61.2099 | -149.7977 | AK |  |  | 1260 Delasala Pl | Anchorage | 99508 | 2020000801 | 2026-08-05 21:40:52.153263 | 31203201-a7f1-49c9-bc5d-0bd8ba22f40a
31DEC2025 | Projects | AK Alaska | AK Alaska 800211718 176EE016 CRANBERRY RIDGE | 6 | 202/PRAC | 8 | 202/PRAC | CRANBERRY RIDGE | 800211718 176EE016 | 5.0000 | -4.0000 | -4.0000 | -4.0000 | -4.0000 | -4.0000 | -4 | -4.0000 | -4.0000 | -4.0000 | -4.0000 | -4.0000 | -4.0000 | -4 | -4 | -4 | -4 | -4 | -4 | -4 | -4 | -4 | -4 | -4 | -4 | -4 | -4 | -4 | -4 | -4 | -4 | -4 | -4 | -4 | -4 | -4 | -4 | -4 | -4 | -4 | -4 | -4 | -4 | -4 | -4 | -4 | -4 | -4 | -4 | -4 | -4 | -4 | -4 | -4 | -4 | -4 | -4 | -4 | -4 | -4.0000 | -4.0000 | -4 | -4 | -4 | -4 | -4 | -4 | -4 | -4 | -4 |  | 11260 | 33800 | 61.5840 | -149.7488 | AK |  |  | 11881 W Mid Valley Way | Houston | 99623 | 2170000401 | 2026-08-05 21:40:52.153263 | 31203201-a7f1-49c9-bc5d-0bd8ba22f40a
31DEC2025 | Projects | AK Alaska | AK Alaska 800211727 176HD018 JACK & VIRGINIA WRIGHT APTS. | 6 | 811/PRAC | 9 | 811/PRAC | JACK & VIRGINIA WRIGHT APTS. | 800211727 176HD018 | 10.0000 | -4.0000 | -4.0000 | -4.0000 | -4.0000 | -4.0000 | -4 | -4.0000 | -4.0000 | -4.0000 | -4.0000 | -4.0000 | -4.0000 | -4 | -4 | -4 | -4 | -4 | -4 | -4 | -4 | -4 | -4 | -4 | -4 | -4 | -4 | -4 | -4 | -4 | -4 | -4 | -4 | -4 | -4 | -4 | -4 | -4 | -4 | -4 | -4 | -4 | -4 | -4 | -4 | -4 | -4 | -4 | -4 | -4 | -4 | -4 | -4 | -4 | -4 | -4 | -4 | -4 | -4 | -4.0000 | -4.0000 | -4 | -4 | -4 | -4 | -4 | -4 | -4 | -4 | -4 |  | 21820 | 55910 | 64.7479 | -147.3306 | AK |  |  | 721 E 8th Ave | North Pole | 99705 | 2090001600 | 2026-08-05 21:40:52.153263 | 31203201-a7f1-49c9-bc5d-0bd8ba22f40a
31DEC2025 | Projects | AK Alaska | AK Alaska 800215425 176EE019 DENALI VIEW SENIOR HOUSING | 6 | 202/PRAC | 8 | 202/PRAC | DENALI VIEW SENIOR HOUSING | 800215425 176EE019 | 20.0000 | 20.0000 | 99.0000 | 20.0000 | 100.0000 | 6.0000 | 10 | 1.0000 | 20.0000 | 496.0000 | 430.0000 | 23125.0000 | 23125.0000 | -1 | -1 | 5 | -1 | 20 | 35 | 35 | 5 | -1 | -1 | -1 | 100 | 26 | 100 | 100 | 85 | -1 | -1 | -1 | -1 | -1 | 100 | 95 | -1 | -1 | 10 | -1 | 10 | 10 | 10 | -1 | -1 | -1 | -1 | 100 | 35 | 20 | -1 | -1 | 5 | 75 | -1 | 5 | 10 | 15 | 5 | -1.0000 | 82.0000 | -1 | -1 | 100 | -1 | -1 | -1 | 13 | 27 | 52 |  | 11260 | 03000 | 61.3981 | -149.4635 | AK |  |  | 22402 Birchwood Loop Rd | Chugiak | 99567 | 2020000102 | 2026-08-05 21:40:52.153263 | 31203201-a7f1-49c9-bc5d-0bd8ba22f40a
31DEC2025 | Projects | AK Alaska | AK Alaska 800215440 176EE025 SUTTON MANOR | 6 | 202/PRAC | 8 | 202/PRAC | SUTTON MANOR | 800215440 176EE025 | 4.0000 | -4.0000 | -4.0000 | -4.0000 | -4.0000 | -4.0000 | -4 | -4.0000 | -4.0000 | -4.0000 | -4.0000 | -4.0000 | -4.0000 | -4 | -4 | -4 | -4 | -4 | -4 | -4 | -4 | -4 | -4 | -4 | -4 | -4 | -4 | -4 | -4 | -4 | -4 | -4 | -4 | -4 | -4 | -4 | -4 | -4 | -4 | -4 | -4 | -4 | -4 | -4 | -4 | -4 | -4 | -4 | -4 | -4 | -4 | -4 | -4 | -4 | -4 | -4 | -4 | -4 | -4 | -4.0000 | -4.0000 | -4 | -4 | -4 | -4 | -4 | -4 | -4 | -4 | -4 |  | 11260 | 74525 | 61.7095 | -148.8881 | AK |  |  | 15816 N Glenn Hwy | Sutton | 99674 | 2170000200 | 2026-08-05 21:40:52.153263 | 31203201-a7f1-49c9-bc5d-0bd8ba22f40a
31DEC2025 | Projects | AK Alaska | AK Alaska 800217564 176EE027 GEORGE SULLIVAN MANOR | 6 | 202/PRAC | 8 | 202/PRAC | GEORGE SULLIVAN MANOR | 800217564 176EE027 | 19.0000 | 19.0000 | 99.0000 | 18.0000 | 96.0000 | 7.0000 | 11 | 1.1000 | 20.0000 | 542.0000 | 470.0000 | 22504.0000 | 20254.0000 | -1 | -1 | -1 | -1 | 67 | 11 | 6 | 17 | -1 | -1 | -1 | 100 | 25 | 100 | 100 | 78 | -1 | -1 | -1 | -1 | -1 | 100 | 50 | -1 | -1 | -1 | -1 | -1 | -1 | 0 | -1 | -1 | -1 | -1 | 100 | 39 | 72 | -1 | -1 | 72 | 28 | -1 | -1 | -1 | 0 | 0 | -1.0000 | 96.0000 | -1 | -1 | 100 | -1 | -1 | -1 | 11 | 53 | 11 |  | 11260 | 03000 | 61.2194 | -149.8766 | AK |  |  | 420 E 3rd Ave | Anchorage | 99501 | 2020001000 | 2026-08-05 21:40:52.153263 | 31203201-a7f1-49c9-bc5d-0bd8ba22f40a
31DEC2025 | Projects | AK Alaska | AK Alaska 800217615 176EE028 SUTTON ANNEX | 6 | 202/PRAC | 8 | 202/PRAC | SUTTON ANNEX | 800217615 176EE028 | 4.0000 | -4.0000 | -4.0000 | -4.0000 | -4.0000 | -4.0000 | -4 | -4.0000 | -4.0000 | -4.0000 | -4.0000 | -4.0000 | -4.0000 | -4 | -4 | -4 | -4 | -4 | -4 | -4 | -4 | -4 | -4 | -4 | -4 | -4 | -4 | -4 | -4 | -4 | -4 | -4 | -4 | -4 | -4 | -4 | -4 | -4 | -4 | -4 | -4 | -4 | -4 | -4 | -4 | -4 | -4 | -4 | -4 | -4 | -4 | -4 | -4 | -4 | -4 | -4 | -4 | -4 | -4 | -4.0000 | -4.0000 | -4 | -4 | -4 | -4 | -4 | -4 | -4 | -4 | -4 |  | 11260 | 74525 | 61.7096 | -148.8893 | AK |  |  | 15838 N Glenn Hwy | Sutton | 99674 | 2170000200 | 2026-08-05 21:40:52.153263 | 31203201-a7f1-49c9-bc5d-0bd8ba22f40a
31DEC2025 | Projects | AK Alaska | AK Alaska 800217774 176HD021 HARDING HOUSE | 6 | 811/PRAC | 9 | 811/PRAC | HARDING HOUSE | 800217774 176HD021 | 6.0000 | -4.0000 | -4.0000 | -4.0000 | -4.0000 | -4.0000 | -4 | -4.0000 | -4.0000 | -4.0000 | -4.0000 | -4.0000 | -4.0000 | -4 | -4 | -4 | -4 | -4 | -4 | -4 | -4 | -4 | -4 | -4 | -4 | -4 | -4 | -4 | -4 | -4 | -4 | -4 | -4 | -4 | -4 | -4 | -4 | -4 | -4 | -4 | -4 | -4 | -4 | -4 | -4 | -4 | -4 | -4 | -4 | -4 | -4 | -4 | -4 | -4 | -4 | -4 | -4 | -4 | -4 | -4.0000 | -4.0000 | -4 | -4 | -4 | -4 | -4 | -4 | -4 | -4 | -4 |  | 21820 | 24230 | 64.8242 | -147.7391 | AK |  |  | 1508 25th Ave | Fairbanks | 99701 | 2090000300 | 2026-08-05 21:40:52.153263 | 31203201-a7f1-49c9-bc5d-0bd8ba22f40a
31DEC2025 | Projects | AK Alaska | AK Alaska 800217776 176HD022 JOHN L.TURNER HOUSE FOUNDATION | 6 | 811/PRAC | 9 | 811/PRAC | JOHN L.TURNER HOUSE FOUNDATION | 800217776 176HD022 | 4.0000 | -4.0000 | -4.0000 | -4.0000 | -4.0000 | -4.0000 | -4 | -4.0000 | -4.0000 | -4.0000 | -4.0000 | -4.0000 | -4.0000 | -4 | -4 | -4 | -4 | -4 | -4 | -4 | -4 | -4 | -4 | -4 | -4 | -4 | -4 | -4 | -4 | -4 | -4 | -4 | -4 | -4 | -4 | -4 | -4 | -4 | -4 | -4 | -4 | -4 | -4 | -4 | -4 | -4 | -4 | -4 | -4 | -4 | -4 | -4 | -4 | -4 | -4 | -4 | -4 | -4 | -4 | -4.0000 | -4.0000 | -4 | -4 | -4 | -4 | -4 | -4 | -4 | -4 | -4 |  | 21820 | 16750 | 64.8363 | -147.8584 | AK |  |  | 11 Steelhead Rd | Fairbanks | 99709 | 2090000800 | 2026-08-05 21:40:52.153263 | 31203201-a7f1-49c9-bc5d-0bd8ba22f40a
31DEC2025 | Projects | AK Alaska | AK Alaska 800218097 176EE026 QUVULARIA SENIOR HOUSING | 6 | 202/PRAC | 8 | 202/PRAC | QUVULARIA SENIOR HOUSING | 800218097 176EE026 | 5.0000 | -4.0000 | -4.0000 | -4.0000 | -4.0000 | -4.0000 | -4 | -4.0000 | -4.0000 | -4.0000 | -4.0000 | -4.0000 | -4.0000 | -4 | -4 | -4 | -4 | -4 | -4 | -4 | -4 | -4 | -4 | -4 | -4 | -4 | -4 | -4 | -4 | -4 | -4 | -4 | -4 | -4 | -4 | -4 | -4 | -4 | -4 | -4 | -4 | -4 | -4 | -4 | -4 | -4 | -4 | -4 | -4 | -4 | -4 | -4 | -4 | -4 | -4 | -4 | -4 | -4 | -4 | -4.0000 | -4.0000 | -4 | -4 | -4 | -4 | -4 | -4 | -4 | -4 | -4 |  | 99999 | 53710 | 59.7223 | -158.3404 | AK |  |  |  | New Stuyahok | 99636 | 2070000100 | 2026-08-05 21:40:52.153263 | 31203201-a7f1-49c9-bc5d-0bd8ba22f40a
31DEC2025 | Projects | AK Alaska | AK Alaska 800219469 176HD023 SALMON CREEK HOUSING | 6 | 811/PRAC | 9 | 811/PRAC | SALMON CREEK HOUSING | 800219469 176HD023 | 6.0000 | -4.0000 | -4.0000 | -4.0000 | -4.0000 | -4.0000 | -4 | -4.0000 | -4.0000 | -4.0000 | -4.0000 | -4.0000 | -4.0000 | -4 | -4 | -4 | -4 | -4 | -4 | -4 | -4 | -4 | -4 | -4 | -4 | -4 | -4 | -4 | -4 | -4 | -4 | -4 | -4 | -4 | -4 | -4 | -4 | -4 | -4 | -4 | -4 | -4 | -4 | -4 | -4 | -4 | -4 | -4 | -4 | -4 | -4 | -4 | -4 | -4 | -4 | -4 | -4 | -4 | -4 | -4.0000 | -4.0000 | -4 | -4 | -4 | -4 | -4 | -4 | -4 | -4 | -4 |  | 27940 | 36400 | 58.3311 | -134.4719 | AK |  |  | 3406D Glacier Hwy | Juneau | 99801 | 2110000400 | 2026-08-05 21:40:52.153263 | 31203201-a7f1-49c9-bc5d-0bd8ba22f40a
31DEC2025 | Projects | AK Alaska | AK Alaska 800219470 176HD024 MARYBETH HAFELE HOUSE FOUNDATION | 6 | 811/PRAC | 9 | 811/PRAC | MARYBETH HAFELE HOUSE FOUNDATION | 800219470 176HD024 | 4.0000 | -4.0000 | -4.0000 | -4.0000 | -4.0000 | -4.0000 | -4 | -4.0000 | -4.0000 | -4.0000 | -4.0000 | -4.0000 | -4.0000 | -4 | -4 | -4 | -4 | -4 | -4 | -4 | -4 | -4 | -4 | -4 | -4 | -4 | -4 | -4 | -4 | -4 | -4 | -4 | -4 | -4 | -4 | -4 | -4 | -4 | -4 | -4 | -4 | -4 | -4 | -4 | -4 | -4 | -4 | -4 | -4 | -4 | -4 | -4 | -4 | -4 | -4 | -4 | -4 | -4 | -4 | -4.0000 | -4.0000 | -4 | -4 | -4 | -4 | -4 | -4 | -4 | -4 | -4 |  | 21820 | 24230 | 64.8478 | -147.6743 | AK |  |  | 430 Craig Ave | Fairbanks | 99701 | 2090000400 | 2026-08-05 21:40:52.153263 | 31203201-a7f1-49c9-bc5d-0bd8ba22f40a
31DEC2025 | Projects | AK Alaska | AK Alaska 800219471 176EE034 INDEPENDENCE PARK MANOR I | 6 | 202/PRAC | 8 | 202/PRAC | INDEPENDENCE PARK MANOR I | 800219471 176EE034 | 19.0000 | 19.0000 | 98.0000 | 19.0000 | 100.0000 | 5.0000 | 11 | 1.1000 | 21.0000 | 553.0000 | 566.0000 | 23364.0000 | 21139.0000 | -1 | -1 | -1 | -1 | 53 | 16 | 5 | 26 | -1 | -1 | -1 | 100 | 26 | 100 | 100 | 68 | -1 | -1 | -1 | -1 | -1 | 100 | 74 | -1 | -1 | -1 | -1 | -1 | -1 | 0 | -1 | -1 | -1 | -1 | 100 | 26 | 68 | 5 | 5 | 58 | 21 | -1 | -1 | -1 | 0 | 0 | -1.0000 | 85.0000 | -1 | -1 | 100 | -1 | -1 | -1 | 8 | 55 | 28 |  | 11260 | 03000 | 61.1339 | -149.8381 | AK |  |  | 2401 Sentry Dr | Anchorage | 99507 | 2020002811 | 2026-08-05 21:40:52.153263 | 31203201-a7f1-49c9-bc5d-0bd8ba22f40a
31DEC2025 | Projects | AK Alaska | AK Alaska 800219472 176EE035 PALMER MANOR | 6 | 202/PRAC | 8 | 202/PRAC | PALMER MANOR | 800219472 176EE035 | 4.0000 | -4.0000 | -4.0000 | -4.0000 | -4.0000 | -4.0000 | -4 | -4.0000 | -4.0000 | -4.0000 | -4.0000 | -4.0000 | -4.0000 | -4 | -4 | -4 | -4 | -4 | -4 | -4 | -4 | -4 | -4 | -4 | -4 | -4 | -4 | -4 | -4 | -4 | -4 | -4 | -4 | -4 | -4 | -4 | -4 | -4 | -4 | -4 | -4 | -4 | -4 | -4 | -4 | -4 | -4 | -4 | -4 | -4 | -4 | -4 | -4 | -4 | -4 | -4 | -4 | -4 | -4 | -4.0000 | -4.0000 | -4 | -4 | -4 | -4 | -4 | -4 | -4 | -4 | -4 |  | 11260 | 58660 | 61.6076 | -149.1077 | AK |  |  | 327 E Auklet Ave | Palmer | 99645 | 2170001201 | 2026-08-05 21:40:52.153263 | 31203201-a7f1-49c9-bc5d-0bd8ba22f40a
31DEC2025 | Projects | AK Alaska | AK Alaska 800221537 176HD026 RIVERS EDGE PROPERTY, INC. | 6 | 811/PRAC | 9 | 811/PRAC | RIVERS EDGE PROPERTY, INC. | 800221537 176HD026 | 5.0000 | -4.0000 | -4.0000 | -4.0000 | -4.0000 | -4.0000 | -4 | -4.0000 | -4.0000 | -4.0000 | -4.0000 | -4.0000 | -4.0000 | -4 | -4 | -4 | -4 | -4 | -4 | -4 | -4 | -4 | -4 | -4 | -4 | -4 | -4 | -4 | -4 | -4 | -4 | -4 | -4 | -4 | -4 | -4 | -4 | -4 | -4 | -4 | -4 | -4 | -4 | -4 | -4 | -4 | -4 | -4 | -4 | -4 | -4 | -4 | -4 | -4 | -4 | -4 | -4 | -4 | -4 | -4.0000 | -4.0000 | -4 | -4 | -4 | -4 | -4 | -4 | -4 | -4 | -4 |  | 99999 | 70540 | 57.0539 | -135.3160 | AK |  |  | 200 Flume Cir | Sitka | 99835 | 2220000200 | 2026-08-05 21:40:52.153263 | 31203201-a7f1-49c9-bc5d-0bd8ba22f40a
31DEC2025 | Projects | AK Alaska | AK Alaska 800221742 176EE037 INDEPENDENCE PARK MANOR II | 6 | 202/PRAC | 8 | 202/PRAC | INDEPENDENCE PARK MANOR II | 800221742 176EE037 | 19.0000 | 19.0000 | 98.0000 | 18.0000 | 97.0000 | 5.0000 | 6 | 1.2000 | 21.0000 | 571.0000 | 554.0000 | 24298.0000 | 20827.0000 | -1 | 6 | -1 | -1 | 44 | 22 | 6 | 11 | 11 | 6 | 6 | 89 | 26 | 100 | 94 | 78 | -1 | -1 | -1 | -1 | -1 | 100 | 78 | -1 | -1 | -1 | -1 | -1 | -1 | 0 | -1 | -1 | -1 | -1 | 100 | 50 | 56 | -1 | 6 | 50 | 44 | -1 | -1 | -1 | 0 | 0 | -1.0000 | 115.0000 | -1 | -1 | 100 | -1 | -1 | -1 | 8 | 55 | 28 |  | 11260 | 03000 | 61.1339 | -149.8382 | AK |  |  | 2301 Sentry Dr | Anchorage | 99507 | 2020002811 | 2026-08-05 21:40:52.153263 | 31203201-a7f1-49c9-bc5d-0bd8ba22f40a
31DEC2025 | Projects | AK Alaska | AK Alaska 800221812 176EE038 TUPQICH ELDER APTS. | 6 | 202/PRAC | 8 | 202/PRAC | TUPQICH ELDER APTS. | 800221812 176EE038 | 4.0000 | -4.0000 | -4.0000 | -4.0000 | -4.0000 | -4.0000 | -4 | -4.0000 | -4.0000 | -4.0000 | -4.0000 | -4.0000 | -4.0000 | -4 | -4 | -4 | -4 | -4 | -4 | -4 | -4 | -4 | -4 | -4 | -4 | -4 | -4 | -4 | -4 | -4 | -4 | -4 | -4 | -4 | -4 | -4 | -4 | -4 | -4 | -4 | -4 | -4 | -4 | -4 | -4 | -4 | -4 | -4 | -4 | -4 | -4 | -4 | -4 | -4 | -4 | -4 | -4 | -4 | -4 | -4.0000 | -4.0000 | -4 | -4 | -4 | -4 | -4 | -4 | -4 | -4 | -4 |  | 99999 | 41830 | 66.7110 | -162.0762 | AK |  |  |  | Kotzebue | 99752 | 2188000200 | 2026-08-05 21:40:52.153263 | 31203201-a7f1-49c9-bc5d-0bd8ba22f40a
31DEC2025 | Projects | AK Alaska | AK Alaska 800222651 176HD027 A.A.S.C. HOUSING II | 6 | 811/PRAC | 9 | 811/PRAC | A.A.S.C. HOUSING II | 800222651 176HD027 | 10.0000 | -4.0000 | -4.0000 | -4.0000 | -4.0000 | -4.0000 | -4 | -4.0000 | -4.0000 | -4.0000 | -4.0000 | -4.0000 | -4.0000 | -4 | -4 | -4 | -4 | -4 | -4 | -4 | -4 | -4 | -4 | -4 | -4 | -4 | -4 | -4 | -4 | -4 | -4 | -4 | -4 | -4 | -4 | -4 | -4 | -4 | -4 | -4 | -4 | -4 | -4 | -4 | -4 | -4 | -4 | -4 | -4 | -4 | -4 | -4 | -4 | -4 | -4 | -4 | -4 | -4 | -4 | -4.0000 | -4.0000 | -4 | -4 | -4 | -4 | -4 | -4 | -4 | -4 | -4 |  | 11260 | 03000 | 61.2186 | -149.8075 | AK |  |  | 3900 E 4th Ave | Anchorage | 99508 | 2020000801 | 2026-08-05 21:40:52.153263 | 31203201-a7f1-49c9-bc5d-0bd8ba22f40a
31DEC2025 | Projects | AK Alaska | AK Alaska 800224102 176HD028 DENEKI HOUSE | 6 | 811/PRAC | 9 | 811/PRAC | DENEKI HOUSE | 800224102 176HD028 | 7.0000 | -4.0000 | -4.0000 | -4.0000 | -4.0000 | -4.0000 | -4 | -4.0000 | -4.0000 | -4.0000 | -4.0000 | -4.0000 | -4.0000 | -4 | -4 | -4 | -4 | -4 | -4 | -4 | -4 | -4 | -4 | -4 | -4 | -4 | -4 | -4 | -4 | -4 | -4 | -4 | -4 | -4 | -4 | -4 | -4 | -4 | -4 | -4 | -4 | -4 | -4 | -4 | -4 | -4 | -4 | -4 | -4 | -4 | -4 | -4 | -4 | -4 | -4 | -4 | -4 | -4 | -4 | -4.0000 | -4.0000 | -4 | -4 | -4 | -4 | -4 | -4 | -4 | -4 | -4 |  | 11260 | 83080 | 61.5865 | -149.4484 | AK |  |  | 222 E Danna Ave | Wasilla | 99654 | 2170000800 | 2026-08-05 21:40:52.153263 | 31203201-a7f1-49c9-bc5d-0bd8ba22f40a
31DEC2025 | Projects | AK Alaska | AK Alaska 800225105 176HD029 MENDENHALL WOODS | 6 | 811/PRAC | 9 | 811/PRAC | MENDENHALL WOODS | 800225105 176HD029 | 4.0000 | -4.0000 | -4.0000 | -4.0000 | -4.0000 | -4.0000 | -4 | -4.0000 | -4.0000 | -4.0000 | -4.0000 | -4.0000 | -4.0000 | -4 | -4 | -4 | -4 | -4 | -4 | -4 | -4 | -4 | -4 | -4 | -4 | -4 | -4 | -4 | -4 | -4 | -4 | -4 | -4 | -4 | -4 | -4 | -4 | -4 | -4 | -4 | -4 | -4 | -4 | -4 | -4 | -4 | -4 | -4 | -4 | -4 | -4 | -4 | -4 | -4 | -4 | -4 | -4 | -4 | -4 | -4.0000 | -4.0000 | -4 | -4 | -4 | -4 | -4 | -4 | -4 | -4 | -4 |  | 27940 | 36400 | 58.3811 | -134.5768 | AK |  |  | 3510 Mendenhall Loop Rd | Juneau | 99801 | 2110000300 | 2026-08-05 21:40:52.153263 | 31203201-a7f1-49c9-bc5d-0bd8ba22f40a
(35601 rows; csv has all)