== S14 house_ie_general_only (0.6s) 1060 rows
   CYCLE_FILE CAN_OFFICE_STATE CAN_OFFICE_DIS ELE  N_LINES       IE_USD  N_HUGE
0        2022               VA             07   P      586   2125774.27       0
1        2022               IL             15   P      304  11840535.06       0
2        2022               IL             17   G       74   8714402.07       0
3        2022               CA             40   P        4    140152.50       0
4        2022               CO             08   P       79   1170494.49       0
5        2022               IA             01   G       50    789089.96       0
6        2022               IL             17   P        9    752196.54       0
7        2022                                   P        1     10000.00       0
8        2022               FL             10   P       76   1574033.23       0
9        2022               OH             09   G      172   3097336.36       0
10       2022               TX             28   O       42    904698.23       0
11       2022               PA             07   G      137  12780192.57       0
12       2022               MI             13   P       38   6630624.87       0
13       2022               AK             00   S       67   1280991.35       0
14       2022               AK             00   P       10    426575.00       0
15       2022               AL             05   R       14    266575.90       0
16       2022               AL             05   P       21    488637.07       0
17       2022               FL             27   G      119   1538478.02       0
18       2022               WA             08   P       20    371564.49       0
19       2022               AZ             02   P       46   1488459.66       0
20       2022               SD             00   P       17    698753.13       0
21       2022               ID             02   P       43   1802292.89       0
22       2022               TX             28   R       73   2479247.44       0
23       2022               WI             03   G      109   1251686.76       0
24       2022               OK             02   P       36   1246292.90       0
25       2022               LA             02   S       45   2040429.61       0
26       2022               CA             28   G        2      4816.65       0
27       2022               MO             04   P       67   2823795.35       0
28       2022               FL             04   P      533   2851006.97       0
29       2022               AZ             01   P        9    530379.93       0
30       2022               NE             01   P        6    370359.00       0
31       2022               VA             10   G      207    175931.73       0
32       2022               AZ             02   G      162   3869779.99       0
33       2022               AL             08   G        1        38.08       0
34       2022               TX             08   P       79   1807318.72       0
35       2022               FL             21   P      347    135962.19       0
36       2022               AZ             08   G       91     24304.26       0
37       2022               FL             13   G       63   7553301.68       0
38       2022               WY             00   P      112   2243565.16       0
39       2022               WA             04   P       12    452528.10       0
