== S12 house_ie_by_district_v2 (0.4s) 886 rows
   CYCLE_FILE CAN_OFFICE_STATE CAN_OFFICE_DIS  N_LINES       IE_USD  N_HUGE  HUGE_USD
0        2022               VA             07     1206  20735544.01       0       0.0
1        2022               IL             15      304  11840535.06       0       0.0
2        2022               IL             17       83   9466598.61       0       0.0
3        2022               CA             40       50   1065438.34       0       0.0
4        2022               CO             08      246  11982618.38       0       0.0
5        2022               IA             01       51    839089.96       0       0.0
6        2022               FL             20       20    415670.10       0       0.0
7        2022                                        1     10000.00       0       0.0
8        2022               FL             10       77   1601792.35       0       0.0
9        2022               OH             09      206   4330824.22       0       0.0
10       2022               TX             28      412  18001203.70       0       0.0
11       2022               MI             11      219   8400231.52       0       0.0
12       2022               NV             03      420  13394857.94       0       0.0
13       2022               NV             04      333   7871823.34       0       0.0
14       2022               AL             05       40    757268.38       0       0.0
15       2022               FL             27      133   1614217.63       0       0.0
16       2022               WA             08      162  11024689.00       0       0.0
17       2022               NY             02       28    574208.69       0       0.0
18       2022               MO             04       69   2846295.35       0       0.0
19       2022               FL             04      537   3004990.97       0       0.0
20       2022               MN             01      193   3091397.75       0       0.0
21       2022               IN             09       29   2006278.05       0       0.0
22       2022               ID             02       43   1802292.89       0       0.0
23       2022               WI             03      124   1627702.71       0       0.0
24       2022               LA             02       98   3156409.27       0       0.0
25       2022               FL             07       44   2448195.07       0       0.0
26       2022               AK             00      315   5225369.29       0       0.0
27       2022               CA             28        2      4816.65       0       0.0
28       2022               NC             13      269  11997198.68       0       0.0
29       2022               OK             02      171   7069071.69       0       0.0
30       2022               NY             23       28   1039629.66       0       0.0
31       2022               FL             11       11    275599.48       0       0.0
32       2022               MN             02      172  12559032.91       0       0.0
33       2022               AZ             08      107     41080.76       0       0.0
34       2022               NV             01      355   8314602.41       0       0.0
35       2022               TX             23      432   1038825.11       0       0.0
36       2022               ME             02      490  15676908.37       0       0.0
37       2022               IA             02       84   1042182.38       0       0.0
38       2022               CA             22      166  17860698.10       0       0.0
39       2022               NJ             04      385    263623.75       0       0.0
