-- S01 QCEW profile: year x aggregation level, rows, areas, hidden rows, key repeats, size code, quarter
YEAR | AGG | N | AREAS | KEYS_ | HIDDEN | EMP0 | EMP | OWNS | SIZES | QTRS | IND0 | IND1
2022 | 10 | 1 | 1 | 1 | 0 | 0 | 150025655 | [
  "0"
] | 1 | 0 | 10 | 10
2022 | 11 | 4 | 1 | 4 | 0 | 0 | 150025655 | [
  "1",
  "5",
  "2",
  "3"
] | 1 | 0 | 10 | 10
2022 | 12 | 8 | 1 | 8 | 0 | 0 | 150025655 | [
  "2",
  "3",
  "5",
  "1"
] | 1 | 0 | 101 | 102
2022 | 13 | 47 | 1 | 47 | 4 | 4 | 150018960 | [
  "5",
  "1",
  "3",
  "2"
] | 1 | 0 | 1011 | 1029
2022 | 14 | 77 | 1 | 77 | 10 | 10 | 149995644 | [
  "2",
  "3",
  "1",
  "5"
] | 1 | 0 | 11 | 99
2022 | 15 | 295 | 1 | 295 | 32 | 34 | 150017958 | [
  "2",
  "3",
  "5",
  "1"
] | 1 | 0 | 111 | 999
2022 | 16 | 754 | 1 | 754 | 112 | 115 | 149997757 | [
  "3",
  "2",
  "5",
  "1"
] | 1 | 0 | 1111 | 9999
2022 | 17 | 1397 | 1 | 1397 | 200 | 206 | 149795134 | [
  "5",
  "2",
  "3",
  "1"
] | 1 | 0 | 11111 | 99999
2022 | 18 | 1879 | 1 | 1879 | 246 | 256 | 149772329 | [
  "3",
  "5",
  "2",
  "1"
] | 1 | 0 | 111110 | 999999
2022 | 30 | 169 | 169 | 169 | 0 | 0 | 114694132 | [
  "0"
] | 1 | 0 | 10 | 10
2022 | 40 | 388 | 388 | 388 | 0 | 0 | 129846300 | [
  "0"
] | 1 | 0 | 10 | 10
2022 | 41 | 1551 | 388 | 1551 | 49 | 49 | 127358637 | [
  "2",
  "5",
  "3",
  "1"
] | 1 | 0 | 10 | 10
2022 | 42 | 776 | 388 | 776 | 5 | 5 | 111454503 | [
  "5"
] | 1 | 0 | 101 | 102
2022 | 43 | 4179 | 388 | 4179 | 268 | 311 | 108342671 | [
  "5"
] | 1 | 0 | 1011 | 1029
2022 | 44 | 7665 | 388 | 7665 | 1496 | 1540 | 96556144 | [
  "5"
] | 1 | 0 | 11 | 99
2022 | 45 | 31482 | 388 | 31482 | 10985 | 11029 | 91296330 | [
  "5"
] | 1 | 0 | 111 | 999
2022 | 46 | 94618 | 388 | 94618 | 45936 | 45980 | 86570669 | [
  "5"
] | 1 | 0 | 1111 | 9999
2022 | 47 | 181472 | 388 | 181472 | 106805 | 106849 | 82640634 | [
  "5"
] | 1 | 0 | 11111 | 99999
2022 | 48 | 238296 | 388 | 238296 | 153412 | 153456 | 78628083 | [
  "5"
] | 1 | 0 | 111110 | 999999
2022 | 50 | 53 | 53 | 53 | 0 | 0 | 150982536 | [
  "0"
] | 1 | 0 | 10 | 10
2022 | 51 | 211 | 53 | 211 | 0 | 0 | 150982550 | [
  "3",
  "2",
  "5",
  "1"
] | 1 | 0 | 10 | 10
2022 | 52 | 385 | 53 | 385 | 18 | 23 | 148906052 | [
  "5",
  "3",
  "1",
  "2"
] | 1 | 0 | 101 | 102
2022 | 53 | 1939 | 53 | 1939 | 117 | 137 | 150897607 | [
  "5",
  "1",
  "2",
  "3"
] | 1 | 0 | 1011 | 1029
2022 | 54 | 3009 | 53 | 3009 | 212 | 245 | 150747249 | [
  "1",
  "5",
  "3",
  "2"
] | 1 | 0 | 11 | 99
2022 | 55 | 8934 | 53 | 8934 | 784 | 852 | 150648757 | [
  "1",
  "5",
  "3",
  "2"
] | 1 | 0 | 111 | 999
2022 | 56 | 21916 | 53 | 21916 | 2868 | 3012 | 149714190 | [
  "2",
  "1",
  "5",
  "3"
] | 1 | 0 | 1111 | 9999
2022 | 57 | 42375 | 53 | 42375 | 6849 | 7057 | 148833216 | [
  "3",
  "5",
  "2",
  "1"
] | 1 | 0 | 11111 | 99999
2022 | 58 | 57398 | 53 | 57398 | 12335 | 12567 | 146525673 | [
  "5",
  "2",
  "1",
  "3"
] | 1 | 0 | 111110 | 999999
2022 | 70 | 3274 | 3274 | 3274 | 0 | 0 | 150982650 | [
  "0"
] | 1 | 0 | 10 | 10
2022 | 71 | 13006 | 3274 | 13006 | 275 | 279 | 149674352 | [
  "5",
  "3",
  "2",
  "1"
] | 1 | 0 | 10 | 10
2022 | 72 | 19122 | 3274 | 19122 | 2335 | 2368 | 147875804 | [
  "5",
  "1",
  "2",
  "3"
] | 1 | 0 | 101 | 102
2022 | 73 | 69900 | 3274 | 69900 | 9100 | 9873 | 148556032 | [
  "3",
  "1",
  "2",
  "5"
] | 1 | 0 | 1011 | 1029
2022 | 74 | 102512 | 3274 | 102512 | 25030 | 25903 | 144411286 | [
  "5",
  "1",
  "3",
  "2"
] | 1 | 0 | 11 | 99
2022 | 75 | 271369 | 3274 | 271369 | 103861 | 105813 | 139507059 | [
  "3",
  "5",
  "1",
  "2"
] | 1 | 0 | 111 | 999
2022 | 76 | 551005 | 3274 | 551005 | 297204 | 299345 | 131569081 | [
  "5",
  "3",
  "2",
  "1"
] | 1 | 0 | 1111 | 9999
2022 | 77 | 865117 | 3274 | 865117 | 545719 | 549439 | 123975014 | [
  "1",
  "5",
  "3",
  "2"
] | 1 | 0 | 11111 | 99999
2022 | 78 | 1022255 | 3274 | 1022255 | 686723 | 690460 | 118428264 | [
  "3",
  "2",
  "1",
  "5"
] | 1 | 0 | 111110 | 999999
2022 | 80 | 541 | 541 | 541 | 0 | 0 | 10407025 | [
  "0"
] | 1 | 0 | 10 | 10
2022 | 91 | 1 | 1 | 1 | 0 | 0 | 128949382 | [
  "0"
] | 1 | 0 | 10 | 10
2022 | 92 | 1 | 1 | 1 | 0 | 0 | 113839785 | [
  "0"
] | 1 | 0 | 10 | 10
2022 | 93 | 1 | 1 | 1 | 0 | 0 | 21076273 | [
  "0"
] | 1 | 0 | 10 | 10
2022 | 94 | 1 | 1 | 1 | 0 | 0 | 147162048 | [
  "9"
] | 1 | 0 | 10 | 10
2022 | 95 | 1 | 1 | 1 | 0 | 0 | 21307595 | [
  "8"
] | 1 | 0 | 10 | 10
2022 | 96 | 53 | 53 | 53 | 0 | 0 | 21510676 | [
  "8"
] | 1 | 0 | 10 | 10
(44 rows; csv has all)