-- S09 IRS SOI: per-ZIP extract (real ZIPs only), low-income brackets 1-2 vs all, for local peer math
STATE | ZIP5 | RET_ALL | RET_LOW | RAC_LOW | RAC_ALL | RAL_ALL | PREP_LOW | VITA_LOW | N_EITC | EITC_K | AGI_K | WAGES_K | ELDERLY
AL | 35004 | 5210.0 | 2920.0 | 680.0 | 1050.0 | 60.0 | 1330.0 | 40.0 | 900.0 | 2183.0 | 287603.0 | 234833.0 | 1090.0
AL | 35005 | 3100.0 | 2270.0 | 760.0 | 920.0 | 60.0 | 1240.0 | 50.0 | 890.0 | 2402.0 | 120798.0 | 98565.0 | 710.0
AL | 35006 | 1200.0 | 760.0 | 180.0 | 240.0 | 30.0 | 470.0 | 0.0 | 270.0 | 650.0 | 57114.0 | 43707.0 | 310.0
AL | 35010 | 7910.0 | 5690.0 | 1580.0 | 1780.0 | 290.0 | 2670.0 | 480.0 | 2480.0 | 7080.0 | 380037.0 | 266658.0 | 1850.0
AL | 35014 | 1620.0 | 1120.0 | 270.0 | 350.0 | 60.0 | 650.0 | 0.0 | 470.0 | 1244.0 | 74472.0 | 57364.0 | 350.0
AL | 35016 | 7130.0 | 4540.0 | 840.0 | 1070.0 | 140.0 | 2600.0 | 260.0 | 1550.0 | 3815.0 | 363111.0 | 262108.0 | 1890.0
AL | 35019 | 890.0 | 610.0 | 110.0 | 140.0 | 20.0 | 410.0 | 0.0 | 240.0 | 635.0 | 38580.0 | 30460.0 | 200.0
AL | 35020 | 9050.0 | 7920.0 | 3460.0 | 3650.0 | 330.0 | 4940.0 | 270.0 | 4360.0 | 13904.0 | 249475.0 | 207009.0 | 1650.0
AL | 35022 | 9800.0 | 5670.0 | 1440.0 | 2040.0 | 100.0 | 3110.0 | 150.0 | 1810.0 | 4895.0 | 546199.0 | 432275.0 | 2440.0
AL | 35023 | 10050.0 | 6600.0 | 1590.0 | 2030.0 | 150.0 | 3810.0 | 110.0 | 2270.0 | 6041.0 | 465634.0 | 358387.0 | 2640.0
AL | 35031 | 2860.0 | 2000.0 | 410.0 | 490.0 | 80.0 | 1310.0 | 0.0 | 770.0 | 2006.0 | 119914.0 | 95760.0 | 610.0
AL | 35034 | 1390.0 | 1070.0 | 410.0 | 450.0 | 60.0 | 530.0 | 0.0 | 560.0 | 1694.0 | 51912.0 | 40327.0 | 260.0
AL | 35035 | 570.0 | 380.0 | 100.0 | 130.0 | 30.0 | 230.0 | 0.0 | 140.0 | 389.0 | 36915.0 | 21504.0 | 120.0
AL | 35040 | 7590.0 | 4550.0 | 1200.0 | 1740.0 | 100.0 | 1960.0 | 90.0 | 1560.0 | 4027.0 | 397142.0 | 332262.0 | 1180.0
AL | 35042 | 2200.0 | 1460.0 | 410.0 | 530.0 | 90.0 | 770.0 | 0.0 | 590.0 | 1689.0 | 102511.0 | 81515.0 | 520.0
AL | 35043 | 5070.0 | 2130.0 | 300.0 | 580.0 | 0.0 | 1040.0 | 0.0 | 460.0 | 1017.0 | 416626.0 | 317647.0 | 1100.0
AL | 35045 | 5500.0 | 3760.0 | 1170.0 | 1420.0 | 160.0 | 2350.0 | 0.0 | 1530.0 | 4222.0 | 254814.0 | 192997.0 | 1170.0
AL | 35051 | 3290.0 | 2010.0 | 420.0 | 540.0 | 40.0 | 1020.0 | 0.0 | 660.0 | 1695.0 | 205157.0 | 142647.0 | 830.0
AL | 35055 | 7950.0 | 5210.0 | 1040.0 | 1350.0 | 180.0 | 3040.0 | 40.0 | 1680.0 | 3898.0 | 409869.0 | 297425.0 | 1940.0
AL | 35057 | 5290.0 | 3370.0 | 650.0 | 850.0 | 140.0 | 2060.0 | 0.0 | 1160.0 | 2869.0 | 281539.0 | 212561.0 | 1220.0
AL | 35060 | 160.0 | 140.0 | 70.0 | 70.0 | 0.0 | 80.0 | 0.0 | 60.0 | 204.0 | 4416.0 | 3526.0 | 40.0
AL | 35062 | 3220.0 | 1910.0 | 440.0 | 600.0 | 70.0 | 1080.0 | 0.0 | 650.0 | 1644.0 | 170016.0 | 131341.0 | 780.0
AL | 35063 | 1200.0 | 830.0 | 240.0 | 310.0 | 60.0 | 460.0 | 0.0 | 360.0 | 891.0 | 51880.0 | 40050.0 | 280.0
AL | 35068 | 3760.0 | 2390.0 | 600.0 | 800.0 | 50.0 | 1230.0 | 50.0 | 730.0 | 1869.0 | 178993.0 | 147047.0 | 780.0
AL | 35071 | 7480.0 | 4060.0 | 720.0 | 1030.0 | 80.0 | 2190.0 | 60.0 | 1070.0 | 2505.0 | 459107.0 | 345666.0 | 2100.0
AL | 35078 | 870.0 | 580.0 | 150.0 | 180.0 | 20.0 | 340.0 | 0.0 | 240.0 | 606.0 | 42802.0 | 32829.0 | 200.0
AL | 35079 | 3420.0 | 1940.0 | 370.0 | 540.0 | 70.0 | 1080.0 | 0.0 | 600.0 | 1533.0 | 184164.0 | 145443.0 | 720.0
AL | 35007 | 11940.0 | 6720.0 | 1210.0 | 1840.0 | 70.0 | 2900.0 | 170.0 | 1930.0 | 4852.0 | 689574.0 | 545418.0 | 2460.0
AL | 35053 | 1050.0 | 590.0 | 110.0 | 140.0 | 0.0 | 390.0 | 0.0 | 190.0 | 448.0 | 65979.0 | 41015.0 | 390.0
AL | 35061 | 640.0 | 490.0 | 190.0 | 210.0 | 0.0 | 280.0 | 20.0 | 230.0 | 661.0 | 22322.0 | 17170.0 | 170.0
AL | 35077 | 5210.0 | 3690.0 | 820.0 | 1000.0 | 130.0 | 2090.0 | 0.0 | 1290.0 | 3245.0 | 220904.0 | 172400.0 | 1240.0
AL | 35083 | 1200.0 | 800.0 | 140.0 | 180.0 | 30.0 | 540.0 | 0.0 | 320.0 | 771.0 | 53806.0 | 43388.0 | 260.0
AL | 35058 | 4220.0 | 2790.0 | 480.0 | 600.0 | 110.0 | 1720.0 | 20.0 | 880.0 | 2100.0 | 212651.0 | 158418.0 | 990.0
AL | 35085 | 3400.0 | 2280.0 | 640.0 | 830.0 | 80.0 | 1410.0 | 0.0 | 830.0 | 2238.0 | 152639.0 | 124434.0 | 660.0
AL | 35087 | 840.0 | 590.0 | 120.0 | 150.0 | 20.0 | 350.0 | 0.0 | 230.0 | 623.0 | 33357.0 | 25658.0 | 170.0
AL | 35089 | 750.0 | 610.0 | 190.0 | 210.0 | 30.0 | 270.0 | 70.0 | 280.0 | 739.0 | 24049.0 | 19884.0 | 160.0
AL | 35096 | 3420.0 | 2190.0 | 540.0 | 730.0 | 130.0 | 1210.0 | 20.0 | 850.0 | 2099.0 | 169856.0 | 134892.0 | 750.0
AL | 35097 | 770.0 | 460.0 | 110.0 | 150.0 | 20.0 | 270.0 | 0.0 | 140.0 | 320.0 | 37372.0 | 29639.0 | 190.0
AL | 35098 | 560.0 | 370.0 | 80.0 | 110.0 | 0.0 | 240.0 | 0.0 | 160.0 | 377.0 | 24411.0 | 19642.0 | 130.0
AL | 35114 | 3070.0 | 1550.0 | 290.0 | 490.0 | 0.0 | 700.0 | 30.0 | 430.0 | 1039.0 | 196816.0 | 161605.0 | 580.0
AL | 35115 | 5200.0 | 3600.0 | 910.0 | 1140.0 | 70.0 | 1770.0 | 80.0 | 1220.0 | 3324.0 | 229515.0 | 173542.0 | 1060.0
AL | 35117 | 2680.0 | 1360.0 | 200.0 | 340.0 | 30.0 | 770.0 | 0.0 | 290.0 | 706.0 | 166999.0 | 128244.0 | 770.0
AL | 35121 | 5880.0 | 3880.0 | 730.0 | 910.0 | 120.0 | 2540.0 | 0.0 | 1370.0 | 3750.0 | 302176.0 | 208682.0 | 1480.0
AL | 35125 | 4390.0 | 3060.0 | 810.0 | 1040.0 | 170.0 | 1580.0 | 30.0 | 1260.0 | 3315.0 | 197597.0 | 150842.0 | 860.0
AL | 35128 | 4270.0 | 2470.0 | 560.0 | 760.0 | 80.0 | 1280.0 | 0.0 | 800.0 | 1987.0 | 259696.0 | 187000.0 | 1160.0
AL | 35143 | 1240.0 | 800.0 | 190.0 | 230.0 | 20.0 | 410.0 | 0.0 | 260.0 | 585.0 | 66511.0 | 45407.0 | 380.0
AL | 35046 | 2350.0 | 1460.0 | 360.0 | 470.0 | 40.0 | 930.0 | 0.0 | 550.0 | 1413.0 | 123891.0 | 90849.0 | 570.0
AL | 35049 | 1550.0 | 960.0 | 190.0 | 270.0 | 30.0 | 590.0 | 0.0 | 310.0 | 740.0 | 75536.0 | 61363.0 | 360.0
AL | 35064 | 4300.0 | 3450.0 | 1480.0 | 1640.0 | 130.0 | 1980.0 | 150.0 | 1730.0 | 5346.0 | 146471.0 | 110856.0 | 1110.0
AL | 35073 | 930.0 | 680.0 | 190.0 | 230.0 | 40.0 | 400.0 | 0.0 | 260.0 | 648.0 | 36397.0 | 27810.0 | 270.0
AL | 35033 | 1380.0 | 840.0 | 190.0 | 270.0 | 40.0 | 520.0 | 0.0 | 280.0 | 676.0 | 80643.0 | 59485.0 | 340.0
AL | 35044 | 3060.0 | 2200.0 | 620.0 | 740.0 | 140.0 | 1290.0 | 0.0 | 970.0 | 2759.0 | 127146.0 | 96251.0 | 710.0
AL | 35054 | 1820.0 | 1000.0 | 190.0 | 260.0 | 20.0 | 530.0 | 0.0 | 320.0 | 801.0 | 126304.0 | 78989.0 | 620.0
AL | 35072 | 1820.0 | 1350.0 | 420.0 | 490.0 | 90.0 | 740.0 | 70.0 | 600.0 | 1627.0 | 71596.0 | 57255.0 | 390.0
AL | 35080 | 7840.0 | 3540.0 | 550.0 | 1000.0 | 30.0 | 1520.0 | 70.0 | 830.0 | 1826.0 | 556002.0 | 458108.0 | 1500.0
AL | 35091 | 1260.0 | 530.0 | 110.0 | 180.0 | 0.0 | 270.0 | 0.0 | 140.0 | 277.0 | 85680.0 | 73067.0 | 220.0
AL | 35094 | 6290.0 | 3870.0 | 890.0 | 1190.0 | 90.0 | 1960.0 | 50.0 | 1250.0 | 3201.0 | 347336.0 | 256438.0 | 1560.0
AL | 35111 | 6970.0 | 3470.0 | 660.0 | 1130.0 | 40.0 | 1910.0 | 30.0 | 970.0 | 2182.0 | 434085.0 | 338664.0 | 1740.0
AL | 35112 | 180.0 | 150.0 | 50.0 | 50.0 | 0.0 | 70.0 | 0.0 | 60.0 | 143.0 | 5858.0 | 5132.0 | 40.0
AL | 35118 | 1350.0 | 880.0 | 190.0 | 240.0 | 0.0 | 480.0 | 0.0 | 270.0 | 763.0 | 60991.0 | 45049.0 | 400.0
(29872 rows; csv has all)