-- S05 net metering: whole table (1,004 rows)
RECORD_ID | DATA_YEAR | STATE | UTILITY_NUMBER | UTILITY_NAME | BA_CODE | TECHNOLOGY_TYPE | RESIDENTIAL_CAPACITY_MW | COMMERCIAL_CAPACITY_MW | INDUSTRIAL_CAPACITY_MW | TRANSPORTATION_CAPACITY_MW | TOTAL_CAPACITY_MW | RESIDENTIAL_INSTALLATIONS | COMMERCIAL_INSTALLATIONS | INDUSTRIAL_INSTALLATIONS | TRANSPORTATION_INSTALLATIONS | TOTAL_INSTALLATIONS | RESIDENTIAL_ENERGY_SOLD_BACK_MWH | COMMERCIAL_ENERGY_SOLD_BACK_MWH | INDUSTRIAL_ENERGY_SOLD_BACK_MWH | TRANSPORTATION_ENERGY_SOLD_BACK_MWH | TOTAL_ENERGY_SOLD_BACK_MWH | RESIDENTIAL_VIRTUAL_CAPACITY_1_MW_AND_OVER_MW | COMMERCIAL_VIRTUAL_CAPACITY_1_MW_AND_OVER_MW | INDUSTRIAL_VIRTUAL_CAPACITY_1_MW_AND_OVER_MW | TRANSPORTATION_VIRTUAL_CAPACITY_1_MW_AND_OVER_MW | TOTAL_VIRTUAL_CAPACITY_1_MW_AND_OVER_MW | RESIDENTIAL_VIRTUAL_CUSTOMERS_1_MW_AND_OVER | COMMERCIAL_VIRTUAL_CUSTOMERS_1_MW_AND_OVER | INDUSTRIAL_VIRTUAL_CUSTOMERS_1_MW_AND_OVER | TRANSPORTATION_VIRTUAL_CUSTOMERS_1_MW_AND_OVER | TOTAL_VIRTUAL_CUSTOMERS_1_MW_AND_OVER | RESIDENTIAL_VIRTUAL_CAPACITY_UNDER_1_MW_MW | COMMERCIAL_VIRTUAL_CAPACITY_UNDER_1_MW_MW | INDUSTRIAL_VIRTUAL_CAPACITY_UNDER_1_MW_MW | TRANSPORTATION_VIRTUAL_CAPACITY_UNDER_1_MW_MW | TOTAL_VIRTUAL_CAPACITY_UNDER_1_MW_MW | RESIDENTIAL_VIRTUAL_CUSTOMERS_UNDER_1_MW | COMMERCIAL_VIRTUAL_CUSTOMERS_UNDER_1_MW | INDUSTRIAL_VIRTUAL_CUSTOMERS_UNDER_1_MW | TRANSPORTATION_VIRTUAL_CUSTOMERS_UNDER_1_MW | TOTAL_VIRTUAL_CUSTOMERS_UNDER_1_MW | RESIDENTIAL_PV_PAIRED_BATTERY_CAPACITY_MW | COMMERCIAL_PV_PAIRED_BATTERY_CAPACITY_MW | INDUSTRIAL_PV_PAIRED_BATTERY_CAPACITY_MW | TRANSPORTATION_PV_PAIRED_BATTERY_CAPACITY_MW | TOTAL_PV_PAIRED_BATTERY_CAPACITY_MW | RESIDENTIAL_PV_PAIRED_INSTALLATIONS | COMMERCIAL_PV_PAIRED_INSTALLATIONS | INDUSTRIAL_PV_PAIRED_INSTALLATIONS | TRANSPORTATION_PV_PAIRED_INSTALLATIONS | TOTAL_PV_PAIRED_INSTALLATIONS | RESIDENTIAL_PV_PAIRED_ENERGY_CAPACITY_MWH | COMMERCIAL_PV_PAIRED_ENERGY_CAPACITY_MWH | INDUSTRIAL_PV_PAIRED_ENERGY_CAPACITY_MWH | TRANSPORTATION_PV_PAIRED_ENERGY_CAPACITY_MWH | TOTAL_PV_PAIRED_ENERGY_CAPACITY_MWH | RESIDENTIAL_NOT_PV_PAIRED_BATTERY_CAPACITY_MW | COMMERCIAL_NOT_PV_PAIRED_BATTERY_CAPACITY_MW | INDUSTRIAL_NOT_PV_PAIRED_BATTERY_CAPACITY_MW | TRANSPORTATION_NOT_PV_PAIRED_BATTERY_CAPACITY_MW | TOTAL_NOT_PV_PAIRED_BATTERY_CAPACITY_MW | RESIDENTIAL_NOT_PV_PAIRED_INSTALLATIONS | COMMERCIAL_NOT_PV_PAIRED_INSTALLATIONS | INDUSTRIAL_NOT_PV_PAIRED_INSTALLATIONS | TRANSPORTATION_NOT_PV_PAIRED_INSTALLATIONS | TOTAL_NOT_PV_PAIRED_INSTALLATIONS | RESIDENTIAL_NOT_PV_PAIRED_ENERGY_CAPACITY_MWH | COMMERCIAL_NOT_PV_PAIRED_ENERGY_CAPACITY_MWH | INDUSTRIAL_NOT_PV_PAIRED_ENERGY_CAPACITY_MWH | TRANSPORTATION_NOT_PV_PAIRED_ENERGY_CAPACITY_MWH | TOTAL_NOT_PV_PAIRED_ENERGY_CAPACITY_MWH | RESIDENTIAL_CAPACITY_MW_GRP2 | COMMERCIAL_CAPACITY_MW_GRP2 | INDUSTRIAL_CAPACITY_MW_GRP2 | TRANSPORTATION_CAPACITY_MW_GRP2 | TOTAL_CAPACITY_MW_GRP2 | RESIDENTIAL_INSTALLATIONS_GRP2 | COMMERCIAL_INSTALLATIONS_GRP2 | INDUSTRIAL_INSTALLATIONS_GRP2 | TRANSPORTATION_INSTALLATIONS_GRP2 | TOTAL_INSTALLATIONS_GRP2 | RESIDENTIAL_ENERGY_SOLD_BACK_MWH_GRP2 | COMMERCIAL_ENERGY_SOLD_BACK_MWH_GRP2 | INDUSTRIAL_ENERGY_SOLD_BACK_MWH_GRP2 | TRANSPORTATION_ENERGY_SOLD_BACK_MWH_GRP2 | TOTAL_ENERGY_SOLD_BACK_MWH_GRP2 | RESIDENTIAL_CAPACITY_MW_GRP3 | COMMERCIAL_CAPACITY_MW_GRP3 | INDUSTRIAL_CAPACITY_MW_GRP3 | TRANSPORTATION_CAPACITY_MW_GRP3 | TOTAL_CAPACITY_MW_GRP3 | RESIDENTIAL_INSTALLATIONS_GRP3 | COMMERCIAL_INSTALLATIONS_GRP3 | INDUSTRIAL_INSTALLATIONS_GRP3 | TRANSPORTATION_INSTALLATIONS_GRP3 | TOTAL_INSTALLATIONS_GRP3 | RESIDENTIAL_ENERGY_SOLD_BACK_MWH_GRP3 | COMMERCIAL_ENERGY_SOLD_BACK_MWH_GRP3 | INDUSTRIAL_ENERGY_SOLD_BACK_MWH_GRP3 | TRANSPORTATION_ENERGY_SOLD_BACK_MWH_GRP3 | TOTAL_ENERGY_SOLD_BACK_MWH_GRP3 | RESIDENTIAL_CAPACITY_MW_GRP4 | COMMERCIAL_CAPACITY_MW_GRP4 | INDUSTRIAL_CAPACITY_MW_GRP4 | TRANSPORTATION_CAPACITY_MW_GRP4 | TOTAL_CAPACITY_MW_GRP4 | RESIDENTIAL_INSTALLATIONS_GRP4 | COMMERCIAL_INSTALLATIONS_GRP4 | INDUSTRIAL_INSTALLATIONS_GRP4 | TRANSPORTATION_INSTALLATIONS_GRP4 | TOTAL_INSTALLATIONS_GRP4 | RESIDENTIAL_ENERGY_SOLD_BACK_MWH_GRP4 | COMMERCIAL_ENERGY_SOLD_BACK_MWH_GRP4 | INDUSTRIAL_ENERGY_SOLD_BACK_MWH_GRP4 | TRANSPORTATION_ENERGY_SOLD_BACK_MWH_GRP4 | TOTAL_ENERGY_SOLD_BACK_MWH_GRP4 | _LOADED_AT | _SOURCE_RUN_ID | _SRC_FILE
ad8329db66ef22c1e5ac9728c4d435cf-1 | 2024 | MI | 10508 | Village of L'Anse - (MI) | MISO | DC | 0.002 | 0.11 | 0.0 | 0 | 0.112 | 1 | 2 | 0 | 0 | 3 | 0.0 | 0.0 | 0.0 | 0.0 | 0.0 | 0.0 | 0.0 | 0.0 | 0 | 0.0 | 0 | 0 | 0 | 0 | 0 | 0.0 | 0.0 | 0.0 | 0 | 0.0 | 0 | 0 | 0 | 0 | 0 |  |  |  |  | 0.0 |  |  |  |  | 0 |  |  |  |  | 0.0 |  |  |  |  | 0.0 |  |  |  |  | 0 |  |  |  |  | 0.0 | 0.0 | 0.0 | 0.0 | 0 | 0.0 | 0 | 0 | 0 | 0 | 0 | 0.0 | 0.0 | 0.0 | 0 | 0.0 | 0.0 | 0.0 | 0.0 | 0 | 0.0 | 0 | 0 | 0 | 0 | 0 | 0.0 | 0.0 | 0.0 | 0 | 0.0 | 0.002 | 0.11 | 0.0 | 0 | 0.112 | 1 | 2 | 0 | 0 | 3 | 0.0 | 0.0 | 0.0 | 0.0 | 0.0 | 2026-08-05 21:39:24.621338 | 69b52944-1515-4ab2-a9fb-445f886ba197 | Net_Metering_2024.xlsx
b25566797b7cba5b5b45c3c1afe51243-1 | 2024 | MT | 19603 | USBIA-Mission Valley Power | NWMT | AC | 0.734 |  |  |  | 0.734 | 90 |  |  |  | 90 |  |  |  |  | 0.0 |  |  |  |  | 0.0 |  |  |  |  | 0 |  |  |  |  | 0.0 |  |  |  |  | 0 |  |  |  |  | 0.0 |  |  |  |  | 0 |  |  |  |  | 0.0 |  |  |  |  | 0.0 |  |  |  |  | 0 |  |  |  |  | 0.0 |  |  |  |  | 0.0 |  |  |  |  | 0 |  |  |  |  | 0.0 |  |  |  |  | 0.0 |  |  |  |  | 0 |  |  |  |  | 0.0 | 0.734 | 0.0 | 0.0 | 0 | 0.734 | 90 | 0 | 0 | 0 | 90 | 0.0 | 0.0 | 0.0 | 0.0 | 0.0 | 2026-08-05 21:39:24.621338 | 69b52944-1515-4ab2-a9fb-445f886ba197 | Net_Metering_2024.xlsx
8d4eb72aa20ac0441d96c956b86be466-1 | 2024 | TX | 16461 | Rusk County Electric Coop, Inc | SWPP | AC | 1.64 |  |  |  | 1.64 | 155 |  |  |  | 155 | 1064.453 |  |  |  | 1064.453 |  |  |  |  | 0.0 |  |  |  |  | 0 |  |  |  |  | 0.0 |  |  |  |  | 0 |  |  |  |  | 0.0 |  |  |  |  | 0 |  |  |  |  | 0.0 |  |  |  |  | 0.0 |  |  |  |  | 0 |  |  |  |  | 0.0 | 0.016 |  |  |  | 0.016 | 1 |  |  |  | 1 | 2.831 |  |  |  | 2.831 |  |  |  |  | 0.0 |  |  |  |  | 0 |  |  |  |  | 0.0 | 1.656 | 0.0 | 0.0 | 0 | 1.656 | 156 | 0 | 0 | 0 | 156 | 1067.284 | 0.0 | 0.0 | 0.0 | 1067.284 | 2026-08-05 21:39:24.621338 | 69b52944-1515-4ab2-a9fb-445f886ba197 | Net_Metering_2024.xlsx
9b423afbbefa1f56d40dbfd20e80d8d3-1 | 2024 | CA | 55787 | City of Moreno Valley - (CA) | CISO | AC | 13.46 | 5.03 | 0.0 | 0 | 18.49 | 2945 | 21 | 0 | 0 | 2966 | 2343.7 | 8384.4 |  |  | 10728.1 | 0.0 | 0.0 | 0.0 | 0 | 0.0 | 0 | 0 | 0 | 0 | 0 | 0.0 | 0.0 | 0.0 | 0 | 0.0 | 0 | 0 | 0 | 0 | 0 | 0.25 | 0.0 | 0.0 | 0 | 0.25 | 23 | 0 | 0 | 0 | 23 | 0.25 | 0.0 | 0.0 | 0 | 0.25 | 0.0 | 0.0 | 0.0 | 0 | 0.0 | 0 | 0 | 0 | 0 | 0 | 0.0 | 0.0 | 0 | 0 | 0.0 | 0.0 | 0.0 | 0.0 | 0 | 0.0 | 0 | 0 | 0 | 0 | 0 | 0.0 | 0.0 | 0.0 | 0 | 0.0 | 0.0 | 0.0 | 0.0 | 0 | 0.0 | 0 | 0 | 0 | 0 | 0 | 0.0 | 0.0 | 0.0 | 0 | 0.0 | 13.46 | 5.03 | 0.0 | 0 | 18.49 | 2945 | 21 | 0 | 0 | 2966 | 2343.7 | 8384.4 | 0.0 | 0.0 | 10728.1 | 2026-08-05 21:39:24.621338 | 69b52944-1515-4ab2-a9fb-445f886ba197 | Net_Metering_2024.xlsx
737da17de7c6a5c8abafbd14db781f06-1 | 2024 | IN | 19667 | Utilities Dist-Western IN REMC | MISO | AC | 1.235 | 0.237 | 0.0 | 0 | 1.472 | 146 | 7 | 0 | 0 | 153 | 712.733 | 46.792 | 0.0 | 0.0 | 759.525 | 0.0 | 0.0 | 0.0 | 0 | 0.0 | 0 | 0 | 0 | 0 | 0 | 0.0 | 0.0 | 0.0 | 0 | 0.0 | 0 | 0 | 0 | 0 | 0 | 0.382 | 0.0 | 0.0 | 0 | 0.382 | 53 | 0 | 0 | 0 | 53 | 1.105 | 0.0 | 0.0 | 0 | 1.105 | 0.0 | 0.0 | 0.0 | 0 | 0.0 | 0 | 0 | 0 | 0 | 0 | 0.0 | 0.0 | 0 | 0 | 0.0 | 0.002 | 0.0 | 0.0 | 0 | 0.002 | 1 | 0 | 0 | 0 | 1 | 0.0 | 0.0 | 0.0 | 0 | 0.0 | 0.0 | 0.0 | 0.0 | 0 | 0.0 | 0 | 0 | 0 | 0 | 0 | 0.0 | 0.0 | 0.0 | 0 | 0.0 | 1.237 | 0.237 | 0.0 | 0 | 1.474 | 147 | 7 | 0 | 0 | 154 | 712.733 | 46.792 | 0.0 | 0.0 | 759.525 | 2026-08-05 21:39:24.621338 | 69b52944-1515-4ab2-a9fb-445f886ba197 | Net_Metering_2024.xlsx
bd90baf1e6a144b8c35362e2a2be13a5-1 | 2024 | WI | 15804 | Reedsburg Utility Comm | MISO | DC | 0.122 | 0.43 | 0.0 | 0 | 0.552 | 17 | 10 | 0 | 0 | 27 | 0.0 | 0.0 | 0.0 | 0.0 | 0.0 | 0.0 | 0.0 | 0.0 | 0 | 0.0 | 0 | 0 | 0 | 0 | 0 | 0.0 | 0.0 | 0.0 | 0 | 0.0 | 0 | 0 | 0 | 0 | 0 |  |  |  |  | 0.0 |  |  |  |  | 0 |  |  |  |  | 0.0 |  |  |  |  | 0.0 |  |  |  |  | 0 |  |  |  |  | 0.0 | 0.0 | 0.0 | 0.0 | 0 | 0.0 | 0 | 0 | 0 | 0 | 0 | 0.0 | 0.0 | 0.0 | 0 | 0.0 | 0.0 | 0.0 | 0.0 | 0 | 0.0 | 0 | 0 | 0 | 0 | 0 | 0.0 | 0.0 | 0.0 | 0 | 0.0 | 0.122 | 0.43 | 0.0 | 0 | 0.552 | 17 | 10 | 0 | 0 | 27 | 0.0 | 0.0 | 0.0 | 0.0 | 0.0 | 2026-08-05 21:39:24.621338 | 69b52944-1515-4ab2-a9fb-445f886ba197 | Net_Metering_2024.xlsx
6389ca44988d0d639a71bc7454232478-1 | 2024 | CT | 7716 | Groton Dept of Utilities - (CT) | ISNE | AC | 4.187 | 0.291 | 0.0 | 0 | 4.478 | 812 | 6 | 0 | 0 | 818 | 2301.911 | 103.358 | 0.0 | 0.0 | 2405.269 | 0.0 | 0.0 | 0.0 | 0 | 0.0 | 0 | 0 | 0 | 0 | 0 | 0.0 | 0.0 | 0.0 | 0 | 0.0 | 0 | 0 | 0 | 0 | 0 | 0.0 | 0.0 | 0.0 | 0 | 0.0 | 0 | 0 | 0 | 0 | 0 | 0.0 | 0.0 | 0.0 | 0 | 0.0 | 0.0 | 0.0 | 0.0 | 0 | 0.0 | 0 | 0 | 0 | 0 | 0 | 0.0 | 0.0 | 0 | 0 | 0.0 | 0.0 | 0.0 | 0.0 | 0 | 0.0 | 0 | 0 | 0 | 0 | 0 | 0.0 | 0.0 | 0.0 | 0 | 0.0 | 0.0 | 0.0 | 0.0 | 0 | 0.0 | 0 | 0 | 0 | 0 | 0 | 0.0 | 0.0 | 0.0 | 0 | 0.0 | 4.187 | 0.291 | 0.0 | 0 | 4.478 | 812 | 6 | 0 | 0 | 818 | 2301.911 | 103.358 | 0.0 | 0.0 | 2405.269 | 2026-08-05 21:39:24.621338 | 69b52944-1515-4ab2-a9fb-445f886ba197 | Net_Metering_2024.xlsx
5f8afe3d5b14bb0eea5a044d7371b9db-1 | 2024 | AR | 14289 | Ozarks Electric Coop Corp - (AR) | SWPP | DC | 15.711 | 1.429 | 19.165 |  | 36.305 | 1693 | 16 | 10 |  | 1719 |  |  |  |  | 0.0 | 0.0 | 0.0 |  |  | 0.0 |  |  |  |  | 0 |  |  |  |  | 0.0 |  |  |  |  | 0 |  |  | 26.05 |  | 26.05 |  |  | 8 |  | 8 |  |  | 57.05 |  | 57.05 |  |  |  |  | 0.0 |  |  |  |  | 0 |  |  |  |  | 0.0 |  | 0.009 |  |  | 0.009 |  | 1 |  |  | 1 |  |  |  |  | 0.0 |  |  |  |  | 0.0 |  |  |  |  | 0 |  |  |  |  | 0.0 | 15.711 | 1.438 | 19.165 | 0 | 36.314 | 1693 | 17 | 10 | 0 | 1720 | 0.0 | 0.0 | 0.0 | 0.0 | 0.0 | 2026-08-05 21:39:24.621338 | 69b52944-1515-4ab2-a9fb-445f886ba197 | Net_Metering_2024.xlsx
99bacce379f8476d2abf454c342ecfc1-1 | 2024 | IN | 22822 | Clark County Rural E M C - (IN) | MISO | AC | 0.795 |  |  |  | 0.795 | 94 |  |  |  | 94 | 388.076 |  |  |  | 388.076 |  |  |  |  | 0.0 |  |  |  |  | 0 |  |  |  |  | 0.0 |  |  |  |  | 0 |  |  |  |  | 0.0 |  |  |  |  | 0 |  |  |  |  | 0.0 |  |  |  |  | 0.0 |  |  |  |  | 0 |  |  |  |  | 0.0 | 0.01 |  |  |  | 0.01 | 1 |  |  |  | 1 | 2.473 |  |  |  | 2.473 |  |  |  |  | 0.0 |  |  |  |  | 0 |  |  |  |  | 0.0 | 0.805 | 0.0 | 0.0 | 0 | 0.805 | 95 | 0 | 0 | 0 | 95 | 390.549 | 0.0 | 0.0 | 0.0 | 390.549 | 2026-08-05 21:39:24.621338 | 69b52944-1515-4ab2-a9fb-445f886ba197 | Net_Metering_2024.xlsx
bfa528f40e96b547e5a2fd7c5f3f2eeb-1 | 2024 | CO | 15466 | Public Service Co of Colorado | PSCO | DC | 666.919 | 224.042 | 10.981 |  | 901.942 | 113499 | 3452 | 11 |  | 116962 |  |  |  |  | 0.0 |  |  |  |  | 0.0 |  |  |  |  | 0 |  |  |  |  | 0.0 |  |  |  |  | 0 |  |  |  |  | 0.0 |  |  |  |  | 0 |  |  |  |  | 0.0 |  |  |  |  | 0.0 |  |  |  |  | 0 |  |  |  |  | 0.0 |  |  |  |  | 0.0 |  |  |  |  | 0 |  |  |  |  | 0.0 |  |  |  |  | 0.0 |  |  |  |  | 0 |  |  |  |  | 0.0 | 666.919 | 224.042 | 10.981 | 0 | 901.942 | 113499 | 3452 | 11 | 0 | 116962 | 0.0 | 0.0 | 0.0 | 0.0 | 0.0 | 2026-08-05 21:39:24.621338 | 69b52944-1515-4ab2-a9fb-445f886ba197 | Net_Metering_2024.xlsx
5ef03aee9e02fe2c60626133f3c0df3c-1 | 2024 | AR | 4280 | Conway Corporation | MISO | AC | 0.712 |  |  |  | 0.712 | 108 |  |  |  | 108 |  |  |  |  | 0.0 |  |  |  |  | 0.0 |  |  |  |  | 0 |  |  |  |  | 0.0 |  |  |  |  | 0 |  |  |  |  | 0.0 |  |  |  |  | 0 |  |  |  |  | 0.0 |  |  |  |  | 0.0 |  |  |  |  | 0 |  |  |  |  | 0.0 |  |  |  |  | 0.0 |  |  |  |  | 0 |  |  |  |  | 0.0 |  |  |  |  | 0.0 |  |  |  |  | 0 |  |  |  |  | 0.0 | 0.712 | 0.0 | 0.0 | 0 | 0.712 | 108 | 0 | 0 | 0 | 108 | 0.0 | 0.0 | 0.0 | 0.0 | 0.0 | 2026-08-05 21:39:24.621338 | 69b52944-1515-4ab2-a9fb-445f886ba197 | Net_Metering_2024.xlsx
2168497cffff5421c422d8006949f560-1 | 2024 | IL | 12341 | MidAmerican Energy Co | MISO | AC | 4.255 | 5.269 | 2.18 |  | 11.704 | 520 | 86 | 4 |  | 610 | 1072.23 | 967.425 |  |  | 2039.655 |  |  |  |  | 0.0 |  |  |  |  | 0 |  |  |  |  | 0.0 |  |  |  |  | 0 |  |  |  |  | 0.0 |  |  |  |  | 0 |  |  |  |  | 0.0 |  |  |  |  | 0.0 |  |  |  |  | 0 |  |  |  |  | 0.0 | 0.004 | 0.62 |  |  | 0.624 | 2 | 2 |  |  | 4 |  |  |  |  | 0.0 |  |  |  |  | 0.0 |  |  |  |  | 0 |  |  |  |  | 0.0 | 4.259 | 5.889 | 2.18 | 0 | 12.328 | 522 | 88 | 4 | 0 | 614 | 1072.23 | 967.425 | 0.0 | 0.0 | 2039.655 | 2026-08-05 21:39:24.621338 | 69b52944-1515-4ab2-a9fb-445f886ba197 | Net_Metering_2024.xlsx
3a3336ce3a9aeecb18fa63d9c6641513-1 | 2024 | FL | 6455 | Duke Energy Florida, LLC | FPC | AC | 834.708 | 53.584 | 11.763 | 0 | 900.055 | 94005 | 911 | 32 | 0 | 94948 |  |  |  |  | 0.0 |  |  |  |  | 0.0 |  |  |  |  | 0 |  |  |  |  | 0.0 |  |  |  |  | 0 |  |  |  |  | 0.0 |  |  |  |  | 0 |  |  |  |  | 0.0 |  |  |  |  | 0.0 |  |  |  |  | 0 |  |  |  |  | 0.0 | 0.002 | 0.001 | 0.0 | 0 | 0.003 | 1 | 1 | 0 | 0 | 2 |  |  |  |  | 0.0 |  | 0.2 | 0.2 |  | 0.4 |  | 1 | 1 |  | 2 |  |  |  |  | 0.0 | 834.71 | 53.785 | 11.963 | 0 | 900.458 | 94006 | 913 | 33 | 0 | 94952 | 0.0 | 0.0 | 0.0 | 0.0 | 0.0 | 2026-08-05 21:39:24.621338 | 69b52944-1515-4ab2-a9fb-445f886ba197 | Net_Metering_2024.xlsx
a30e9a6e4f9c0d6ecf7fa9ef4cc14c85-1 | 2024 | MO | 20574 | White River Valley El Coop Inc | AECI | DC | 7.694 |  |  |  | 7.694 | 628 |  |  |  | 628 |  |  |  |  | 0.0 |  |  |  |  | 0.0 |  |  |  |  | 0 |  |  |  |  | 0.0 |  |  |  |  | 0 |  |  |  |  | 0.0 |  |  |  |  | 0 |  |  |  |  | 0.0 |  |  |  |  | 0.0 |  |  |  |  | 0 |  |  |  |  | 0.0 | 0.005 |  |  |  | 0.005 | 2 |  |  |  | 2 |  |  |  |  | 0.0 |  |  |  |  | 0.0 |  |  |  |  | 0 |  |  |  |  | 0.0 | 7.699 | 0.0 | 0.0 | 0 | 7.699 | 630 | 0 | 0 | 0 | 630 | 0.0 | 0.0 | 0.0 | 0.0 | 0.0 | 2026-08-05 21:39:24.621338 | 69b52944-1515-4ab2-a9fb-445f886ba197 | Net_Metering_2024.xlsx
3b2ea6ecd873042e8269167e29130098-1 | 2024 | AL | 6491 | Foley Board of Utilities | SOCO | AC | 0.248 | 0.522 |  |  | 0.77 | 27 | 6 |  |  | 33 |  |  |  |  | 0.0 |  |  |  |  | 0.0 |  |  |  |  | 0 |  |  |  |  | 0.0 |  |  |  |  | 0 |  |  |  |  | 0.0 |  |  |  |  | 0 |  |  |  |  | 0.0 |  |  |  |  | 0.0 |  |  |  |  | 0 |  |  |  |  | 0.0 |  |  |  |  | 0.0 |  |  |  |  | 0 |  |  |  |  | 0.0 |  |  |  |  | 0.0 |  |  |  |  | 0 |  |  |  |  | 0.0 | 0.248 | 0.522 | 0.0 | 0 | 0.77 | 27 | 6 | 0 | 0 | 33 | 0.0 | 0.0 | 0.0 | 0.0 | 0.0 | 2026-08-05 21:39:24.621338 | 69b52944-1515-4ab2-a9fb-445f886ba197 | Net_Metering_2024.xlsx
b896edce98df68c09cd9689860d79046-1 | 2024 | GA | 15700 | Rayle Electric Membership Corp | SOCO | AC | 0.632 | 0.1 |  |  | 0.732 | 82 | 1 |  |  | 83 | 241.12 | 39.68 |  |  | 280.8 |  |  |  |  | 0.0 |  |  |  |  | 0 |  |  |  |  | 0.0 |  |  |  |  | 0 | 0.012 |  |  |  | 0.012 | 1 |  |  |  | 1 |  |  |  |  | 0.0 |  |  |  |  | 0.0 |  |  |  |  | 0 |  |  |  |  | 0.0 |  |  |  |  | 0.0 |  |  |  |  | 0 |  |  |  |  | 0.0 |  |  |  |  | 0.0 |  |  |  |  | 0 |  |  |  |  | 0.0 | 0.632 | 0.1 | 0.0 | 0 | 0.732 | 82 | 1 | 0 | 0 | 83 | 241.12 | 39.68 | 0.0 | 0.0 | 280.8 | 2026-08-05 21:39:24.621338 | 69b52944-1515-4ab2-a9fb-445f886ba197 | Net_Metering_2024.xlsx
0eff0162ba9c8d1b3869c4f2774e415b-1 | 2024 | UT | 15444 | Provo City Corp | PACE | AC | 8.364 | 0.477 | 0.0 | 0 | 8.841 | 1219 | 20 | 0 | 0 | 1239 | 5743.17 | 167.283 | 0.0 | 0.0 | 5910.453 |  |  |  |  | 0.0 |  |  |  |  | 0 |  |  |  |  | 0.0 |  |  |  |  | 0 |  |  |  |  | 0.0 |  |  |  |  | 0 |  |  |  |  | 0.0 |  |  |  |  | 0.0 |  |  |  |  | 0 |  |  |  |  | 0.0 |  |  |  |  | 0.0 |  |  |  |  | 0 |  |  |  |  | 0.0 |  |  |  |  | 0.0 |  |  |  |  | 0 |  |  |  |  | 0.0 | 8.364 | 0.477 | 0.0 | 0 | 8.841 | 1219 | 20 | 0 | 0 | 1239 | 5743.17 | 167.283 | 0.0 | 0.0 | 5910.453 | 2026-08-05 21:39:24.621338 | 69b52944-1515-4ab2-a9fb-445f886ba197 | Net_Metering_2024.xlsx
318a86e8046cb13928a70f1181fb2c9e-1 | 2024 | IN | 9778 | Johnson County Rural E M C | MISO | AC | 0.595 | 0.243 |  |  | 0.838 | 66 | 3 |  |  | 69 | 0.329 | 0.361 |  |  | 0.69 |  |  |  |  | 0.0 |  |  |  |  | 0 |  |  |  |  | 0.0 |  |  |  |  | 0 |  |  |  |  | 0.0 |  |  |  |  | 0 |  |  |  |  | 0.0 |  |  |  |  | 0.0 |  |  |  |  | 0 |  |  |  |  | 0.0 | 0.005 |  |  |  | 0.005 | 2 |  |  |  | 2 | 0.001 |  |  |  | 0.001 |  |  |  |  | 0.0 |  |  |  |  | 0 |  |  |  |  | 0.0 | 0.6 | 0.243 | 0.0 | 0 | 0.843 | 68 | 3 | 0 | 0 | 71 | 0.33 | 0.361 | 0.0 | 0.0 | 0.691 | 2026-08-05 21:39:24.621338 | 69b52944-1515-4ab2-a9fb-445f886ba197 | Net_Metering_2024.xlsx
f6c51ebe1ea54a24dfa1a10145dc6311-1 | 2024 | MI | 7265 | City of Gladstone | MISO | DC | 0.015 | 0.002 | 0.0 | 0 | 0.017 | 3 | 1 | 0 | 0 | 4 | 0.0 | 0.0 | 0.0 | 0.0 | 0.0 | 0.0 | 0.0 | 0.0 | 0 | 0.0 | 0 | 0 | 0 | 0 | 0 | 0.0 | 0.0 | 0.0 | 0 | 0.0 | 0 | 0 | 0 | 0 | 0 |  |  |  |  | 0.0 |  |  |  |  | 0 |  |  |  |  | 0.0 |  |  |  |  | 0.0 |  |  |  |  | 0 |  |  |  |  | 0.0 | 0.0 | 0.0 | 0.0 | 0 | 0.0 | 0 | 0 | 0 | 0 | 0 | 0.0 | 0.0 | 0.0 | 0 | 0.0 | 0.0 | 0.0 | 0.0 | 0 | 0.0 | 0 | 0 | 0 | 0 | 0 | 0.0 | 0.0 | 0.0 | 0 | 0.0 | 0.015 | 0.002 | 0.0 | 0 | 0.017 | 3 | 1 | 0 | 0 | 4 | 0.0 | 0.0 | 0.0 | 0.0 | 0.0 | 2026-08-05 21:39:24.621338 | 69b52944-1515-4ab2-a9fb-445f886ba197 | Net_Metering_2024.xlsx
489eb1c0f278260465027ceda3b0b899-1 | 2024 | VA | 10171 | Kentucky Utilities Co | LGEE | DC | 0.537 | 7.589 |  |  | 8.126 | 60 | 21 |  |  | 81 | 275.678 | 4022.516 |  |  | 4298.194 |  |  |  |  | 0.0 |  |  |  |  | 0 |  |  |  |  | 0.0 |  |  |  |  | 0 | 0.114 |  |  |  | 0.114 | 22 |  |  |  | 22 |  |  |  |  | 0.0 |  |  |  |  | 0.0 |  |  |  |  | 0 |  |  |  |  | 0.0 |  |  |  |  | 0.0 |  |  |  |  | 0 |  |  |  |  | 0.0 |  |  |  |  | 0.0 |  |  |  |  | 0 |  |  |  |  | 0.0 | 0.537 | 7.589 | 0.0 | 0 | 8.126 | 60 | 21 | 0 | 0 | 81 | 275.678 | 4022.516 | 0.0 | 0.0 | 4298.194 | 2026-08-05 21:39:24.621338 | 69b52944-1515-4ab2-a9fb-445f886ba197 | Net_Metering_2024.xlsx
f6240d125ccaebcc9231810d1d6f8f88-1 | 2024 | SC | 1613 | Berkeley Electric Coop Inc | SC | AC | 11.873 | 0.344 |  |  | 12.217 | 1857 | 9 |  |  | 1866 |  |  |  |  | 0.0 |  |  |  |  | 0.0 |  |  |  |  | 0 |  |  |  |  | 0.0 |  |  |  |  | 0 |  |  |  |  | 0.0 |  |  |  |  | 0 |  |  |  |  | 0.0 |  |  |  |  | 0.0 |  |  |  |  | 0 |  |  |  |  | 0.0 |  |  |  |  | 0.0 |  |  |  |  | 0 |  |  |  |  | 0.0 |  |  |  |  | 0.0 |  |  |  |  | 0 |  |  |  |  | 0.0 | 11.873 | 0.344 | 0.0 | 0 | 12.217 | 1857 | 9 | 0 | 0 | 1866 | 0.0 | 0.0 | 0.0 | 0.0 | 0.0 | 2026-08-05 21:39:24.621338 | 69b52944-1515-4ab2-a9fb-445f886ba197 | Net_Metering_2024.xlsx
92c23d86dfbff483c82e90a79c6105d5-1 | 2024 | WY | 99999 | Adjustment 2024 | WACM |  | -1.584 | -0.029 |  |  | -1.613 |  |  |  |  |  |  |  |  |  |  |  |  |  |  | 0.0 |  |  |  |  |  |  |  |  |  | 0.0 |  |  |  |  |  |  |  |  |  | 0.0 |  |  |  |  |  |  |  |  |  |  |  |  |  |  | 0.0 |  |  |  |  |  |  |  |  |  |  |  |  |  |  |  |  |  |  |  |  |  |  |  |  |  |  |  |  |  |  |  |  |  |  |  |  |  |  |  |  | -1.584 | -0.029 |  |  | -1.613 |  |  |  |  |  |  |  |  |  |  | 2026-08-05 21:39:24.621338 | 69b52944-1515-4ab2-a9fb-445f886ba197 | Net_Metering_2024.xlsx
92c23d86dfbff483c82e90a79c6105d5-2 | 2024 | WY | 99999 | Adjustment 2024 | PACE |  | -1.275 | -0.225 | -0.009 | 0 | -1.509 |  |  |  |  |  |  |  |  |  |  |  |  |  |  | 0.0 |  |  |  |  |  |  |  |  |  | 0.0 |  |  |  |  |  | -0.219 | -0.03 | 0.0 | 0 | -0.249 |  |  |  |  |  |  |  |  |  |  |  |  |  |  | 0.0 |  |  |  |  |  |  |  |  |  |  |  |  |  |  |  |  |  |  |  |  |  |  |  |  |  |  |  |  |  |  |  |  |  |  |  |  |  |  |  |  | -1.275 | -0.225 | -0.009 | 0 | -1.509 |  |  |  |  |  |  |  |  |  |  | 2026-08-05 21:39:24.621338 | 69b52944-1515-4ab2-a9fb-445f886ba197 | Net_Metering_2024.xlsx
d4598683eb1daa755890c685ba6090df-1 | 2024 | LA | 13228 | City of Natchitoches | MISO | AC | 0.36 |  |  |  | 0.36 | 46 |  |  |  | 46 |  |  |  |  | 0.0 |  |  |  |  | 0.0 |  |  |  |  | 0 |  |  |  |  | 0.0 |  |  |  |  | 0 |  |  |  |  | 0.0 |  |  |  |  | 0 |  |  |  |  | 0.0 |  |  |  |  | 0.0 |  |  |  |  | 0 |  |  |  |  | 0.0 |  |  |  |  | 0.0 |  |  |  |  | 0 |  |  |  |  | 0.0 |  |  |  |  | 0.0 |  |  |  |  | 0 |  |  |  |  | 0.0 | 0.36 | 0.0 | 0.0 | 0 | 0.36 | 46 | 0 | 0 | 0 | 46 | 0.0 | 0.0 | 0.0 | 0.0 | 0.0 | 2026-08-05 21:39:24.621338 | 69b52944-1515-4ab2-a9fb-445f886ba197 | Net_Metering_2024.xlsx
d4fb81920c54115a91c9aa6cd5d0d659-1 | 2024 | TX | 99999 | Adjustment 2024 | MISO |  | -9.096 | -0.205 | -0.018 |  | -9.32 |  |  |  |  |  |  |  |  |  |  |  |  |  |  | 0.0 |  |  |  |  |  |  |  |  |  | 0.0 |  |  |  |  |  |  |  |  |  | 0.0 |  |  |  |  |  |  |  |  |  |  |  |  |  |  | 0.0 |  |  |  |  |  |  |  |  |  |  |  |  |  |  |  |  |  |  |  |  |  |  |  |  |  |  |  |  |  |  |  |  |  |  |  |  |  |  |  |  | -9.096 | -0.205 | -0.018 |  | -9.32 |  |  |  |  |  |  |  |  |  |  | 2026-08-05 21:39:24.621338 | 69b52944-1515-4ab2-a9fb-445f886ba197 | Net_Metering_2024.xlsx
d4fb81920c54115a91c9aa6cd5d0d659-2 | 2024 | TX | 99999 | Adjustment 2024 | ERCO |  | -91.217 | -25.485 | -0.032 | 0 | -116.734 |  |  |  |  |  |  |  |  |  |  | 0.0 | 0.0 | 0.0 | 0 | 0.0 |  |  |  |  |  | -0.173 | 0.0 | 0.0 | 0 | -0.173 |  |  |  |  |  | -1.656 | -0.045 | 0.0 | 0 | -1.701 |  |  |  |  |  |  |  |  |  |  | 0.0 | -3.453 | 0.0 | 0 | -3.453 |  |  |  |  |  |  |  |  |  |  |  |  |  |  |  |  |  |  |  |  |  |  |  |  |  |  |  |  |  |  |  |  |  |  |  |  |  |  |  |  | -91.39 | -25.485 | -0.032 | 0 | -116.907 |  |  |  |  |  |  |  |  |  |  | 2026-08-05 21:39:24.621338 | 69b52944-1515-4ab2-a9fb-445f886ba197 | Net_Metering_2024.xlsx
d4fb81920c54115a91c9aa6cd5d0d659-3 | 2024 | TX | 99999 | Adjustment 2024 | SWPP |  | -0.16 | -0.003 |  |  | -0.164 |  |  |  |  |  |  |  |  |  |  |  |  |  |  | 0.0 |  |  |  |  |  | 0.0 |  |  |  | 0.0 |  |  |  |  |  |  |  |  |  | 0.0 |  |  |  |  |  |  |  |  |  |  |  |  |  |  | 0.0 |  |  |  |  |  |  |  |  |  |  |  |  |  |  |  |  |  |  |  |  |  |  |  |  |  |  |  |  |  |  |  |  |  |  |  |  |  |  |  |  | -0.161 | -0.003 |  |  | -0.164 |  |  |  |  |  |  |  |  |  |  | 2026-08-05 21:39:24.621338 | 69b52944-1515-4ab2-a9fb-445f886ba197 | Net_Metering_2024.xlsx
7ed43dbb5ac9270e2dcfba21ecceb867-1 | 2024 | NY | 3249 | Central Hudson Gas & Elec Corp | NYIS | AC | 132.555 | 207.115 |  |  | 339.67 | 16304 | 774 |  |  | 17078 |  |  |  |  | 0.0 |  |  |  |  | 0.0 |  |  |  |  | 0 |  |  |  |  | 0.0 |  |  |  |  | 0 |  |  |  |  | 0.0 |  |  |  |  | 0 |  |  |  |  | 0.0 |  |  |  |  | 0.0 |  |  |  |  | 0 |  |  |  |  | 0.0 | 0.143 | 0.016 |  |  | 0.159 | 13 | 2 |  |  | 15 |  |  |  |  | 0.0 |  |  |  |  | 0.0 |  |  |  |  | 0 |  |  |  |  | 0.0 | 132.698 | 207.131 | 0.0 | 0 | 339.829 | 16317 | 776 | 0 | 0 | 17093 | 0.0 | 0.0 | 0.0 | 0.0 | 0.0 | 2026-08-05 21:39:24.621338 | 69b52944-1515-4ab2-a9fb-445f886ba197 | Net_Metering_2024.xlsx
a651c1aac665562086ecbce2c7254188-1 | 2024 | VA | 3291 | Central Virginia Electric Coop | PJM | AC | 6.68 | 0.67 |  |  | 7.35 | 835 | 22 |  |  | 857 |  |  |  |  | 0.0 |  |  |  |  | 0.0 |  |  |  |  | 0 |  |  |  |  | 0.0 |  |  |  |  | 0 |  |  |  |  | 0.0 |  |  |  |  | 0 |  |  |  |  | 0.0 |  |  |  |  | 0.0 |  |  |  |  | 0 |  |  |  |  | 0.0 | 0.01 |  |  |  | 0.01 | 1 |  |  |  | 1 |  |  |  |  | 0.0 |  |  |  |  | 0.0 |  |  |  |  | 0 |  |  |  |  | 0.0 | 6.69 | 0.67 | 0.0 | 0 | 7.36 | 836 | 22 | 0 | 0 | 858 | 0.0 | 0.0 | 0.0 | 0.0 | 0.0 | 2026-08-05 21:39:24.621338 | 69b52944-1515-4ab2-a9fb-445f886ba197 | Net_Metering_2024.xlsx
82012d2822b41140580f962fe7bef544-1 | 2024 | TX | 55937 | Entergy Texas Inc. | MISO | DC | 52.155 | 1.178 | 0.106 |  | 53.439 | 5341 | 44 | 12 |  | 5397 |  |  |  |  | 0.0 |  |  |  |  | 0.0 |  |  |  |  | 0 |  |  |  |  | 0.0 |  |  |  |  | 0 |  |  |  |  | 0.0 |  |  |  |  | 0 |  |  |  |  | 0.0 |  |  |  |  | 0.0 |  |  |  |  | 0 |  |  |  |  | 0.0 | 0.004 |  |  |  | 0.004 | 2 |  |  |  | 2 |  |  |  |  | 0.0 |  |  |  |  | 0.0 |  |  |  |  | 0 |  |  |  |  | 0.0 | 52.159 | 1.178 | 0.106 | 0 | 53.443 | 5343 | 44 | 12 | 0 | 5399 | 0.0 | 0.0 | 0.0 | 0.0 | 0.0 | 2026-08-05 21:39:24.621338 | 69b52944-1515-4ab2-a9fb-445f886ba197 | Net_Metering_2024.xlsx
9e039ff2e22ff9358b46d4606e9fe533-1 | 2024 | AL | 99999 | Adjustment 2024 | SOCO |  | -0.105 |  |  |  | -0.105 |  |  |  |  |  |  |  |  |  |  |  |  |  |  | 0.0 |  |  |  |  |  |  |  |  |  | 0.0 |  |  |  |  |  |  |  |  |  | 0.0 |  |  |  |  |  |  |  |  |  |  |  |  |  |  | 0.0 |  |  |  |  |  |  |  |  |  |  |  |  |  |  |  |  |  |  |  |  |  |  |  |  |  |  |  |  |  |  |  |  |  |  |  |  |  |  |  |  | -0.105 |  |  |  | -0.105 |  |  |  |  |  |  |  |  |  |  | 2026-08-05 21:39:24.621338 | 69b52944-1515-4ab2-a9fb-445f886ba197 | Net_Metering_2024.xlsx
796510cc77b0688de9f034a7dee6eb67-1 | 2024 | SD | 14232 | Otter Tail Power Co | MISO | AC | 0.0 | 0.05 | 0.0 | 0 | 0.05 | 0 | 3 | 0 | 0 | 3 | 0.0 | 0.484 | 0.0 | 0.0 | 0.484 | 0.0 | 0.0 | 0.0 | 0 | 0.0 | 0 | 0 | 0 | 0 | 0 | 0.0 | 0.0 | 0.0 | 0 | 0.0 | 0 | 0 | 0 | 0 | 0 | 0.0 | 0.0 | 0.0 | 0 | 0.0 | 0 | 0 | 0 | 0 | 0 | 0.0 | 0.0 | 0.0 | 0 | 0.0 | 0.0 | 0.0 | 0.0 | 0 | 0.0 | 0 | 0 | 0 | 0 | 0 | 0.0 | 0.0 | 0 | 0 | 0.0 | 0.023 | 0.092 | 0.0 | 0 | 0.115 | 2 | 2 | 0 | 0 | 4 | 0.0 | 0.196 | 0.0 | 0 | 0.196 | 0.0 | 0.0 | 0.0 | 0 | 0.0 | 0 | 0 | 0 | 0 | 0 | 0.0 | 0.0 | 0.0 | 0 | 0.0 | 0.023 | 0.142 | 0.0 | 0 | 0.165 | 2 | 5 | 0 | 0 | 7 | 0.0 | 0.68 | 0.0 | 0.0 | 0.68 | 2026-08-05 21:39:24.621338 | 69b52944-1515-4ab2-a9fb-445f886ba197 | Net_Metering_2024.xlsx
aa24701655191a1dedd7820885dfc69a-1 | 2024 | WA | 59013 | PUD No 1 of Jefferson County | BPAT | AC | 4.919 | 1.173 | 0.0 | 0 | 6.092 | 646 | 32 | 0 | 0 | 678 |  |  |  |  | 0.0 | 0.0 | 0.0 | 0.0 | 0 | 0.0 | 0 | 0 | 0 | 0 | 0 | 0.0 | 0.0 | 0.0 | 0 | 0.0 | 0 | 0 | 0 | 0 | 0 | 0.0 | 0.0 | 0.0 | 0 | 0.0 | 0 | 0 | 0 | 0 | 0 | 0.0 | 0.0 | 0.0 | 0 | 0.0 | 0.0 | 0.0 | 0.0 | 0 | 0.0 | 0 | 0 | 0 | 0 | 0 | 0.0 | 0.0 | 0 | 0 | 0.0 | 0.004 | 0.0 | 0.0 | 0 | 0.004 | 3 | 0 | 0 | 0 | 3 |  |  |  |  | 0.0 | 0.0 | 0.0 | 0.0 | 0 | 0.0 | 0 | 0 | 0 | 0 | 0 |  |  |  |  | 0.0 | 4.923 | 1.173 | 0.0 | 0 | 6.096 | 649 | 32 | 0 | 0 | 681 | 0.0 | 0.0 | 0.0 | 0.0 | 0.0 | 2026-08-05 21:39:24.621338 | 69b52944-1515-4ab2-a9fb-445f886ba197 | Net_Metering_2024.xlsx
72d5473e7da0d90a47fa12e442c8584a-1 | 2024 | PA | 15045 | Pike County Light & Power Co | NYIS | AC | 0.449 | 0.02 | 0.0 | 0 | 0.469 | 37 | 1 | 0 | 0 | 38 |  |  |  |  | 0.0 |  |  |  |  | 0.0 |  |  |  |  | 0 |  |  |  |  | 0.0 |  |  |  |  | 0 |  |  |  |  | 0.0 |  |  |  |  | 0 |  |  |  |  | 0.0 |  |  |  |  | 0.0 |  |  |  |  | 0 |  |  |  |  | 0.0 |  |  |  |  | 0.0 |  |  |  |  | 0 |  |  |  |  | 0.0 |  |  |  |  | 0.0 |  |  |  |  | 0 |  |  |  |  | 0.0 | 0.449 | 0.02 | 0.0 | 0 | 0.469 | 37 | 1 | 0 | 0 | 38 | 0.0 | 0.0 | 0.0 | 0.0 | 0.0 | 2026-08-05 21:39:24.621338 | 69b52944-1515-4ab2-a9fb-445f886ba197 | Net_Metering_2024.xlsx
90f701a6e273d4a5e7f10bde155fbc96-1 | 2024 | OR | 17839 | City of Springfield - (OR) | BPAT | AC | 0.738 | 0.311 | 0.068 |  | 1.117 | 112 | 10 | 1 |  | 123 | 450.204 | 45.759 | 22.04 |  | 518.003 |  |  |  |  | 0.0 |  |  |  |  | 0 |  |  |  |  | 0.0 |  |  |  |  | 0 |  |  |  |  | 0.0 |  |  |  |  | 0 |  |  |  |  | 0.0 |  |  |  |  | 0.0 |  |  |  |  | 0 |  |  |  |  | 0.0 |  |  |  |  | 0.0 |  |  |  |  | 0 |  |  |  |  | 0.0 |  |  |  |  | 0.0 |  |  |  |  | 0 |  |  |  |  | 0.0 | 0.738 | 0.311 | 0.068 | 0 | 1.117 | 112 | 10 | 1 | 0 | 123 | 450.204 | 45.759 | 22.04 | 0.0 | 518.003 | 2026-08-05 21:39:24.621338 | 69b52944-1515-4ab2-a9fb-445f886ba197 | Net_Metering_2024.xlsx
15281704fc9fc32f970e9512afaa3d4d-1 | 2024 | CO | 19499 | United Power, Inc | WACM | AC | 74.15 | 1.49 | 1.22 | 0 | 76.86 | 12610 | 36 | 9 | 0 | 12655 |  |  |  |  | 0.0 |  |  |  |  | 0.0 |  |  |  |  | 0 | 0.015 | 0.003 | 0.003 | 0 | 0.021 | 24 | 3 | 1 | 0 | 28 |  |  |  |  | 0.0 |  |  |  |  | 0 |  |  |  |  | 0.0 |  |  |  |  | 0.0 |  |  |  |  | 0 |  |  |  |  | 0.0 | 0.022 | 0.012 | 0.0 | 0 | 0.034 | 8 | 2 | 0 | 0 | 10 |  |  |  |  | 0.0 |  |  |  |  | 0.0 |  |  |  |  | 0 |  |  |  |  | 0.0 | 74.187 | 1.505 | 1.223 | 0 | 76.915 | 12642 | 41 | 10 | 0 | 12693 | 0.0 | 0.0 | 0.0 | 0.0 | 0.0 | 2026-08-05 21:39:24.621338 | 69b52944-1515-4ab2-a9fb-445f886ba197 | Net_Metering_2024.xlsx
e4e1d0866728aea4ab3e64df1deeb3be-1 | 2024 | PA | 40290 | Tri-County Rural Elec Coop Inc (PA) | PJM | AC | 0.781 | 0.594 |  |  | 1.375 | 75 | 6 |  |  | 81 |  |  |  |  | 0.0 |  |  |  |  | 0.0 |  |  |  |  | 0 |  |  |  |  | 0.0 |  |  |  |  | 0 |  |  |  |  | 0.0 |  |  |  |  | 0 |  |  |  |  | 0.0 |  |  |  |  | 0.0 |  |  |  |  | 0 |  |  |  |  | 0.0 | 0.022 | 0.002 |  |  | 0.024 | 3 | 1 |  |  | 4 |  |  |  |  | 0.0 |  | 0.15 |  |  | 0.15 |  | 1 |  |  | 1 |  |  |  |  | 0.0 | 0.803 | 0.746 | 0.0 | 0 | 1.549 | 78 | 8 | 0 | 0 | 86 | 0.0 | 0.0 | 0.0 | 0.0 | 0.0 | 2026-08-05 21:39:24.621338 | 69b52944-1515-4ab2-a9fb-445f886ba197 | Net_Metering_2024.xlsx
27b1ea1f18098abc6cfbdf8572aa70f7-1 | 2024 | FL | 13955 | City of Ocala | FMPP | DC | 6.29 | 1.915 |  |  | 8.205 | 747 | 71 |  |  | 818 |  |  |  |  | 0.0 |  |  |  |  | 0.0 |  |  |  |  | 0 |  |  |  |  | 0.0 |  |  |  |  | 0 |  |  |  |  | 0.0 |  |  |  |  | 0 |  |  |  |  | 0.0 |  |  |  |  | 0.0 |  |  |  |  | 0 |  |  |  |  | 0.0 |  |  |  |  | 0.0 |  |  |  |  | 0 |  |  |  |  | 0.0 |  |  |  |  | 0.0 |  |  |  |  | 0 |  |  |  |  | 0.0 | 6.29 | 1.915 | 0.0 | 0 | 8.205 | 747 | 71 | 0 | 0 | 818 | 0.0 | 0.0 | 0.0 | 0.0 | 0.0 | 2026-08-05 21:39:24.621338 | 69b52944-1515-4ab2-a9fb-445f886ba197 | Net_Metering_2024.xlsx
19d8e4ef2b62a5428d7869f3a6efebda-1 | 2024 | MA | 11804 | Massachusetts Electric Co | ISNE | AC | 685.648 | 696.026 | 0.131 |  | 1381.805 | 104158 | 2592 | 8 |  | 106758 |  |  |  |  | 0.0 |  |  |  |  | 0.0 |  |  |  |  | 0 |  |  |  |  | 0.0 |  |  |  |  | 0 | 0.53 |  |  |  | 0.53 | 81 |  |  |  | 81 |  |  |  |  | 0.0 |  |  |  |  | 0.0 |  |  |  |  | 0 |  |  |  |  | 0.0 | 0.198 | 21.187 |  |  | 21.385 | 30 | 23 |  |  | 53 |  |  |  |  | 0.0 | 0.169 | 4.525 |  |  | 4.694 | 66 | 25 |  |  | 91 |  |  |  |  | 0.0 | 686.015 | 721.738 | 0.131 | 0 | 1407.884 | 104254 | 2640 | 8 | 0 | 106902 | 0.0 | 0.0 | 0.0 | 0.0 | 0.0 | 2026-08-05 21:39:24.621338 | 69b52944-1515-4ab2-a9fb-445f886ba197 | Net_Metering_2024.xlsx
c9d7003eb51ffad60cd9bbea891afb2f-1 | 2024 | CO | 56146 | Black Hills Colorado Electric, LLC | PSCO | DC | 59.569 | 14.432 | 21.0 | 0 | 95.001 | 8956 | 260 | 3 | 0 | 9219 |  |  |  |  | 0.0 | 7.948 | 4.052 | 0.0 | 0 | 12.0 | 410 | 209 | 0 | 0 | 619 | 0.79 | 0.83 | 0.0 | 0 | 1.62 | 40 | 42 | 0 | 0 | 82 |  |  |  |  | 0.0 |  |  |  |  | 0 |  |  |  |  | 0.0 |  |  |  |  | 0.0 |  |  |  |  | 0 |  |  |  |  | 0.0 | 0.006 | 0.0 | 1.8 | 0 | 1.806 | 3 | 0 | 1 | 0 | 4 |  |  |  |  | 0.0 |  |  |  |  | 0.0 |  |  |  |  | 0 |  |  |  |  | 0.0 | 68.313 | 19.314 | 22.8 | 0 | 110.427 | 9409 | 511 | 4 | 0 | 9924 | 0.0 | 0.0 | 0.0 | 0.0 | 0.0 | 2026-08-05 21:39:24.621338 | 69b52944-1515-4ab2-a9fb-445f886ba197 | Net_Metering_2024.xlsx
826e47d6c650073c37fbfc7c3859bdfc-1 | 2024 | NM | 6204 | City of Farmington - (NM) | WACM | AC | 2.433 | 0.131 | 0.0 | 0 | 2.564 | 468 | 16 | 0 | 0 | 484 | 151.857 | 3.208 | 0.0 | 0.0 | 155.065 |  |  |  |  | 0.0 |  |  |  |  | 0 |  |  |  |  | 0.0 |  |  |  |  | 0 |  |  |  |  | 0.0 |  |  |  |  | 0 |  |  |  |  | 0.0 |  |  |  |  | 0.0 |  |  |  |  | 0 |  |  |  |  | 0.0 |  |  |  |  | 0.0 |  |  |  |  | 0 |  |  |  |  | 0.0 |  |  |  |  | 0.0 |  |  |  |  | 0 |  |  |  |  | 0.0 | 2.433 | 0.131 | 0.0 | 0 | 2.564 | 468 | 16 | 0 | 0 | 484 | 151.857 | 3.208 | 0.0 | 0.0 | 155.065 | 2026-08-05 21:39:24.621338 | 69b52944-1515-4ab2-a9fb-445f886ba197 | Net_Metering_2024.xlsx
300fb6761df9eaae4487fd643d62eee5-1 | 2024 | MN | 10596 | City of Lake Crystal - (MN) | MISO | AC | 0.053 | 0.12 |  |  | 0.173 | 5 | 3 |  |  | 8 |  |  |  |  | 0.0 |  |  |  |  | 0.0 |  |  |  |  | 0 |  |  |  |  | 0.0 |  |  |  |  | 0 | 0.009 | 0.04 |  |  | 0.049 | 1 | 1 |  |  | 2 | 0.031 | 0.1 |  |  | 0.131 |  |  |  |  | 0.0 |  |  |  |  | 0 |  |  |  |  | 0.0 |  |  |  |  | 0.0 |  |  |  |  | 0 |  |  |  |  | 0.0 |  |  |  |  | 0.0 |  |  |  |  | 0 |  |  |  |  | 0.0 | 0.053 | 0.12 | 0.0 | 0 | 0.173 | 5 | 3 | 0 | 0 | 8 | 0.0 | 0.0 | 0.0 | 0.0 | 0.0 | 2026-08-05 21:39:24.621338 | 69b52944-1515-4ab2-a9fb-445f886ba197 | Net_Metering_2024.xlsx
4a6bd4691da64b65c95c1d4139a2cf45-1 | 2024 | IN | 24753 | Boone County Rural EMC | MISO | DC | 1.282 |  |  |  | 1.282 | 121 |  |  |  | 121 | 842.591 |  |  |  | 842.591 |  |  |  |  | 0.0 |  |  |  |  | 0 |  |  |  |  | 0.0 |  |  |  |  | 0 |  |  |  |  | 0.0 |  |  |  |  | 0 |  |  |  |  | 0.0 |  |  |  |  | 0.0 |  |  |  |  | 0 |  |  |  |  | 0.0 |  |  |  |  | 0.0 |  |  |  |  | 0 |  |  |  |  | 0.0 |  |  |  |  | 0.0 |  |  |  |  | 0 |  |  |  |  | 0.0 | 1.282 | 0.0 | 0.0 | 0 | 1.282 | 121 | 0 | 0 | 0 | 121 | 842.591 | 0.0 | 0.0 | 0.0 | 842.591 | 2026-08-05 21:39:24.621338 | 69b52944-1515-4ab2-a9fb-445f886ba197 | Net_Metering_2024.xlsx
8bd8f86bd0fa61282013c04542cfa7e2-1 | 2024 | ME | 5609 | Eastern Maine Electric Coop | NBSO | AC | 0.185 | 0.128 |  |  | 0.313 | 26 | 4 |  |  | 30 |  |  |  |  | 0.0 |  |  |  |  | 0.0 |  |  |  |  | 0 |  |  |  |  | 0.0 |  |  |  |  | 0 |  |  |  |  | 0.0 |  |  |  |  | 0 |  |  |  |  | 0.0 |  |  |  |  | 0.0 |  |  |  |  | 0 |  |  |  |  | 0.0 | 0.048 |  |  |  | 0.048 | 8 |  |  |  | 8 |  |  |  |  | 0.0 |  |  |  |  | 0.0 |  |  |  |  | 0 |  |  |  |  | 0.0 | 0.233 | 0.128 | 0.0 | 0 | 0.361 | 34 | 4 | 0 | 0 | 38 | 0.0 | 0.0 | 0.0 | 0.0 | 0.0 | 2026-08-05 21:39:24.621338 | 69b52944-1515-4ab2-a9fb-445f886ba197 | Net_Metering_2024.xlsx
8cb06ae767a5164a635efcfeebb86736-1 | 2024 | NM | 13318 | Navopache Electric Coop, Inc | TEPC | AC | 0.062 |  |  |  | 0.062 | 11 |  |  |  | 11 | 55.13 |  |  |  | 55.13 |  |  |  |  | 0.0 |  |  |  |  | 0 |  |  |  |  | 0.0 |  |  |  |  | 0 |  |  |  |  | 0.0 |  |  |  |  | 0 |  |  |  |  | 0.0 |  |  |  |  | 0.0 |  |  |  |  | 0 |  |  |  |  | 0.0 | 0.006 |  |  |  | 0.006 | 1 |  |  |  | 1 |  |  |  |  | 0.0 |  |  |  |  | 0.0 |  |  |  |  | 0 |  |  |  |  | 0.0 | 0.068 | 0.0 | 0.0 | 0 | 0.068 | 12 | 0 | 0 | 0 | 12 | 55.13 | 0.0 | 0.0 | 0.0 | 55.13 | 2026-08-05 21:39:24.621338 | 69b52944-1515-4ab2-a9fb-445f886ba197 | Net_Metering_2024.xlsx
0a03a439caf4cfcee9e7b0718b878ceb-1 | 2024 | UT | 2010 | City of Bountiful | PACE | DC | 1.928 | 0.086 |  |  | 2.014 | 275 | 6 |  |  | 281 |  |  |  |  | 0.0 |  |  |  |  | 0.0 |  |  |  |  | 0 |  |  |  |  | 0.0 |  |  |  |  | 0 |  |  |  |  | 0.0 |  |  |  |  | 0 |  |  |  |  | 0.0 |  |  |  |  | 0.0 |  |  |  |  | 0 |  |  |  |  | 0.0 |  |  |  |  | 0.0 |  |  |  |  | 0 |  |  |  |  | 0.0 |  |  |  |  | 0.0 |  |  |  |  | 0 |  |  |  |  | 0.0 | 1.928 | 0.086 | 0.0 | 0 | 2.014 | 275 | 6 | 0 | 0 | 281 | 0.0 | 0.0 | 0.0 | 0.0 | 0.0 | 2026-08-05 21:39:24.621338 | 69b52944-1515-4ab2-a9fb-445f886ba197 | Net_Metering_2024.xlsx
f3f4b721036c5c7acfa715b6937ddb6b-1 | 2024 | ND | 24949 | Cass County Elec Coop Inc | MISO | DC | 0.551 |  |  |  | 0.551 | 40 |  |  |  | 40 | 119.947 |  |  |  | 119.947 |  |  |  |  | 0.0 |  |  |  |  | 0 | 0.101 |  |  |  | 0.101 | 151 |  |  |  | 151 |  |  |  |  | 0.0 |  |  |  |  | 0 |  |  |  |  | 0.0 |  |  |  |  | 0.0 |  |  |  |  | 0 |  |  |  |  | 0.0 | 0.114 |  |  |  | 0.114 | 10 |  |  |  | 10 | 40.535 |  |  |  | 40.535 |  |  |  |  | 0.0 |  |  |  |  | 0 |  |  |  |  | 0.0 | 0.766 | 0.0 | 0.0 | 0 | 0.766 | 201 | 0 | 0 | 0 | 201 | 160.482 | 0.0 | 0.0 | 0.0 | 160.482 | 2026-08-05 21:39:24.621338 | 69b52944-1515-4ab2-a9fb-445f886ba197 | Net_Metering_2024.xlsx
dc9d29301ef6c0e48c7aef9bc0b8b08c-1 | 2024 | MT | 20997 | Yellowstone Valley Elec Co-op | WAUW | AC | 3.307 |  |  |  | 3.307 | 424 |  |  |  | 424 |  |  |  |  | 0.0 |  |  |  |  | 0.0 |  |  |  |  | 0 |  |  |  |  | 0.0 |  |  |  |  | 0 |  |  |  |  | 0.0 |  |  |  |  | 0 |  |  |  |  | 0.0 |  |  |  |  | 0.0 |  |  |  |  | 0 |  |  |  |  | 0.0 | 0.016 |  |  |  | 0.016 | 3 |  |  |  | 3 |  |  |  |  | 0.0 |  |  |  |  | 0.0 |  |  |  |  | 0 |  |  |  |  | 0.0 | 3.323 | 0.0 | 0.0 | 0 | 3.323 | 427 | 0 | 0 | 0 | 427 | 0.0 | 0.0 | 0.0 | 0.0 | 0.0 | 2026-08-05 21:39:24.621338 | 69b52944-1515-4ab2-a9fb-445f886ba197 | Net_Metering_2024.xlsx
0deb7f0792860831a917c38d56be7574-1 | 2024 | KS | 10005 | Evergy Kansas South, Inc | SWPP | AC | 21.524 | 5.086 | 0.175 |  | 26.785 | 2746 | 99 | 6 |  | 2851 | 1020.507 | 113.01 | 2.881 |  | 1136.398 |  |  |  |  | 0.0 |  |  |  |  | 0 | 0.336 | 0.198 |  |  | 0.534 | 200 | 8 |  |  | 208 |  |  |  |  | 0.0 |  |  |  |  | 0 |  |  |  |  | 0.0 |  |  |  |  | 0.0 |  |  |  |  | 0 |  |  |  |  | 0.0 | 0.032 | 0.002 |  |  | 0.034 | 9 | 1 |  |  | 10 | 0.763 |  |  |  | 0.763 | 0.014 |  |  |  | 0.014 | 2 |  |  |  | 2 |  |  |  |  | 0.0 | 21.906 | 5.286 | 0.175 | 0 | 27.367 | 2957 | 108 | 6 | 0 | 3071 | 1021.27 | 113.01 | 2.881 | 0.0 | 1137.161 | 2026-08-05 21:39:24.621338 | 69b52944-1515-4ab2-a9fb-445f886ba197 | Net_Metering_2024.xlsx
ef81ef8ff332e59beffe124c15032655-1 | 2024 | WI | 5417 | Dunn County Electric Coop | MISO | AC | 1.415 |  |  |  | 1.415 | 143 |  |  |  | 143 | 234.804 |  |  |  | 234.804 |  |  |  |  | 0.0 |  |  |  |  | 0 | 0.1 |  |  |  | 0.1 | 99 |  |  |  | 99 | 0.029 |  |  |  | 0.029 | 3 |  |  |  | 3 |  |  |  |  | 0.0 |  |  |  |  | 0.0 |  |  |  |  | 0 |  |  |  |  | 0.0 | 0.015 |  |  |  | 0.015 | 3 |  |  |  | 3 |  |  |  |  | 0.0 | 1.429 |  |  |  | 1.429 | 146 |  |  |  | 146 | 223.522 |  |  |  | 223.522 | 2.959 | 0.0 | 0.0 | 0 | 2.959 | 391 | 0 | 0 | 0 | 391 | 458.326 | 0.0 | 0.0 | 0.0 | 458.326 | 2026-08-05 21:39:24.621338 | 69b52944-1515-4ab2-a9fb-445f886ba197 | Net_Metering_2024.xlsx
51f00fbd00163dc15e6ebbc9546b8d98-1 | 2024 | OK | 5860 | Empire District Electric Co | SWPP | DC | 0.395 | 0.482 |  |  | 0.877 | 41 | 3 |  |  | 44 | 1.235 |  |  |  | 1.235 |  |  |  |  | 0.0 |  |  |  |  | 0 |  |  |  |  | 0.0 |  |  |  |  | 0 |  |  |  |  | 0.0 |  |  |  |  | 0 |  |  |  |  | 0.0 |  |  |  |  | 0.0 |  |  |  |  | 0 |  |  |  |  | 0.0 |  |  |  |  | 0.0 |  |  |  |  | 0 |  |  |  |  | 0.0 |  |  |  |  | 0.0 |  |  |  |  | 0 |  |  |  |  | 0.0 | 0.395 | 0.482 | 0.0 | 0 | 0.877 | 41 | 3 | 0 | 0 | 44 | 1.235 | 0.0 | 0.0 | 0.0 | 1.235 | 2026-08-05 21:39:24.621338 | 69b52944-1515-4ab2-a9fb-445f886ba197 | Net_Metering_2024.xlsx
257279024e6131298fb95089754fcd47-1 | 2024 | IN | 1283 | Bartholomew County Rural E M C | MISO | AC | 0.561 |  |  |  | 0.561 | 55 |  |  |  | 55 |  |  |  |  | 0.0 |  |  |  |  | 0.0 |  |  |  |  | 0 |  |  |  |  | 0.0 |  |  |  |  | 0 |  |  |  |  | 0.0 |  |  |  |  | 0 |  |  |  |  | 0.0 |  |  |  |  | 0.0 |  |  |  |  | 0 |  |  |  |  | 0.0 | 0.002 |  |  |  | 0.002 | 2 |  |  |  | 2 |  |  |  |  | 0.0 |  |  |  |  | 0.0 |  |  |  |  | 0 |  |  |  |  | 0.0 | 0.563 | 0.0 | 0.0 | 0 | 0.563 | 57 | 0 | 0 | 0 | 57 | 0.0 | 0.0 | 0.0 | 0.0 | 0.0 | 2026-08-05 21:39:24.621338 | 69b52944-1515-4ab2-a9fb-445f886ba197 | Net_Metering_2024.xlsx
08f6d702bb7acb87d829687ba8ffd705-1 | 2024 | GA | 562 | Amicalola Electric Member Corp | SOCO | AC | 1.225 | 0.449 |  |  | 1.674 | 186 | 13 |  |  | 199 | 68.007 | 36.673 |  |  | 104.68 |  |  |  |  | 0.0 |  |  |  |  | 0 |  |  |  |  | 0.0 |  |  |  |  | 0 |  |  |  |  | 0.0 |  |  |  |  | 0 |  |  |  |  | 0.0 |  |  |  |  | 0.0 |  |  |  |  | 0 |  |  |  |  | 0.0 |  |  |  |  | 0.0 |  |  |  |  | 0 |  |  |  |  | 0.0 |  |  |  |  | 0.0 |  |  |  |  | 0 |  |  |  |  | 0.0 | 1.225 | 0.449 | 0.0 | 0 | 1.674 | 186 | 13 | 0 | 0 | 199 | 68.007 | 36.673 | 0.0 | 0.0 | 104.68 | 2026-08-05 21:39:24.621338 | 69b52944-1515-4ab2-a9fb-445f886ba197 | Net_Metering_2024.xlsx
d855cfe421c3af31757c5cb56f388233-1 | 2024 | MD | 17637 | Southern Maryland Elec Coop Inc | PJM | AC | 82.78 | 4.867 |  |  | 87.647 | 8992 | 68 |  |  | 9060 | 48458.027 | 1702.784 |  |  | 50160.811 |  |  |  |  | 0.0 |  |  |  |  | 0 |  |  |  |  | 0.0 |  |  |  |  | 0 | 1.573 |  |  |  | 1.573 | 198 |  |  |  | 198 | 3.511 |  |  |  | 3.511 |  |  |  |  | 0.0 |  |  |  |  | 0 |  |  |  |  | 0.0 | 0.02 | 0.016 |  |  | 0.036 | 3 | 3 |  |  | 6 | 11.628 | 1.72 |  |  | 13.348 |  | 0.32 |  |  | 0.32 |  | 1 |  |  | 1 |  | 0.0 |  |  | 0.0 | 82.8 | 5.203 | 0.0 | 0 | 88.003 | 8995 | 72 | 0 | 0 | 9067 | 48469.655 | 1704.504 | 0.0 | 0.0 | 50174.159 | 2026-08-05 21:39:24.621338 | 69b52944-1515-4ab2-a9fb-445f886ba197 | Net_Metering_2024.xlsx
7d37d4b0a6442dbf2bc06fe2edf4dfa5-1 | 2024 | MI | 3436 | Cherryland Electric Coop Inc | MISO | AC | 1.36 | 0.13 |  |  | 1.49 | 171 | 11 |  |  | 182 | 859.0 | 53.0 |  |  | 912.0 |  |  |  |  | 0.0 |  |  |  |  | 0 |  |  |  |  | 0.0 |  |  |  |  | 0 | 0.04 | 0.01 |  |  | 0.05 | 44 | 1 |  |  | 45 |  |  |  |  | 0.0 |  |  |  |  | 0.0 |  |  |  |  | 0 |  |  |  |  | 0.0 | 0.02 | 0.01 |  |  | 0.03 | 6 | 2 |  |  | 8 |  |  |  |  | 0.0 |  |  |  |  | 0.0 |  |  |  |  | 0 |  |  |  |  | 0.0 | 1.38 | 0.14 | 0.0 | 0 | 1.52 | 177 | 13 | 0 | 0 | 190 | 859.0 | 53.0 | 0.0 | 0.0 | 912.0 | 2026-08-05 21:39:24.621338 | 69b52944-1515-4ab2-a9fb-445f886ba197 | Net_Metering_2024.xlsx
6f0b762d15b52f45a7672b63e9913286-1 | 2024 | KS | 12208 | City of McPherson - (KS) | SWPP | AC | 0.088 |  |  |  | 0.088 | 15 |  |  |  | 15 | 44.464 |  |  |  | 44.464 |  |  |  |  | 0.0 |  |  |  |  | 0 |  |  |  |  | 0.0 |  |  |  |  | 0 |  |  |  |  | 0.0 |  |  |  |  | 0 |  |  |  |  | 0.0 |  |  |  |  | 0.0 |  |  |  |  | 0 |  |  |  |  | 0.0 |  |  |  |  | 0.0 |  |  |  |  | 0 |  |  |  |  | 0.0 |  |  |  |  | 0.0 |  |  |  |  | 0 |  |  |  |  | 0.0 | 0.088 | 0.0 | 0.0 | 0 | 0.088 | 15 | 0 | 0 | 0 | 15 | 44.464 | 0.0 | 0.0 | 0.0 | 44.464 | 2026-08-05 21:39:24.621338 | 69b52944-1515-4ab2-a9fb-445f886ba197 | Net_Metering_2024.xlsx
9c631d71d403d156c44352f8e2c2d842-1 | 2024 | TX | 13332 | Navarro County Elec Coop, Inc | ERCO | AC | 4.078 | 0.002 |  |  | 4.08 | 337 | 1 |  |  | 338 |  |  |  |  | 0.0 |  |  |  |  | 0.0 |  |  |  |  | 0 |  |  |  |  | 0.0 |  |  |  |  | 0 |  |  |  |  | 0.0 |  |  |  |  | 0 |  |  |  |  | 0.0 |  |  |  |  | 0.0 |  |  |  |  | 0 |  |  |  |  | 0.0 | 0.005 |  |  |  | 0.005 | 6 |  |  |  | 6 |  |  |  |  | 0.0 | 4.328 |  |  |  | 4.328 | 341 |  |  |  | 341 |  |  |  |  | 0.0 | 8.411 | 0.002 | 0.0 | 0 | 8.413 | 684 | 1 | 0 | 0 | 685 | 0.0 | 0.0 | 0.0 | 0.0 | 0.0 | 2026-08-05 21:39:24.621338 | 69b52944-1515-4ab2-a9fb-445f886ba197 | Net_Metering_2024.xlsx
e8f2f63f1e12dfbf619b4db202c139a2-1 | 2024 | UT | 12866 | Moon Lake Electric Assn Inc | WACM | AC | 0.672 | 0.077 | 0.0 | 0 | 0.749 | 84 | 5 | 0 | 0 | 89 | 0.0 | 0.0 | 0.0 | 0.0 | 0.0 | 0.0 | 0.0 | 0.0 | 0 | 0.0 | 0 | 0 | 0 | 0 | 0 | 0.0 | 0.0 | 0.0 | 0 | 0.0 | 0 | 0 | 0 | 0 | 0 |  |  |  |  | 0.0 |  |  |  |  | 0 |  |  |  |  | 0.0 |  |  |  |  | 0.0 |  |  |  |  | 0 |  |  |  |  | 0.0 |  |  |  |  | 0.0 |  |  |  |  | 0 |  |  |  |  | 0.0 |  |  |  |  | 0.0 |  |  |  |  | 0 |  |  |  |  | 0.0 | 0.672 | 0.077 | 0.0 | 0 | 0.749 | 84 | 5 | 0 | 0 | 89 | 0.0 | 0.0 | 0.0 | 0.0 | 0.0 | 2026-08-05 21:39:24.621338 | 69b52944-1515-4ab2-a9fb-445f886ba197 | Net_Metering_2024.xlsx
733b639d3ba2499d45b68645ea76e569-1 | 2024 | PA | 14715 | PPL Electric Utilities Corp | PJM | AC | 252.428 | 138.16 | 23.743 |  | 414.331 | 27443 | 1110 | 68 |  | 28621 |  |  |  |  | 0.0 |  | 10.3 |  |  | 10.3 |  | 7 |  |  | 7 | 1.164 | 7.458 |  |  | 8.622 | 52 | 133 |  |  | 185 |  |  |  |  | 0.0 |  |  |  |  | 0 |  |  |  |  | 0.0 |  |  |  |  | 0.0 |  |  |  |  | 0 |  |  |  |  | 0.0 | 0.323 | 0.129 |  |  | 0.452 | 100 | 21 |  |  | 121 |  |  |  |  | 0.0 | 0.153 | 35.445 | 2.429 |  | 38.027 | 9 | 38 | 2 |  | 49 |  |  |  |  | 0.0 | 254.068 | 191.492 | 26.172 | 0 | 471.732 | 27604 | 1309 | 70 | 0 | 28983 | 0.0 | 0.0 | 0.0 | 0.0 | 0.0 | 2026-08-05 21:39:24.621338 | 69b52944-1515-4ab2-a9fb-445f886ba197 | Net_Metering_2024.xlsx
e7ef0f0f4189dd797fcb281b942f112b-1 | 2024 | KS | 99999 | Adjustment 2024 | SWPP |  | -3.186 | -0.304 | -0.01 |  | -3.501 |  |  |  |  |  |  |  |  |  |  | -0.323 | -0.001 |  |  | -0.324 |  |  |  |  |  | -0.002 | -0.003 |  |  | -0.005 |  |  |  |  |  |  |  |  |  | 0.0 |  |  |  |  |  |  |  |  |  |  |  |  |  |  | 0.0 |  |  |  |  |  |  |  |  |  |  |  |  |  |  |  |  |  |  |  |  |  |  |  |  |  |  |  |  |  |  |  |  |  |  |  |  |  |  |  |  | -3.511 | -0.309 | -0.01 |  | -3.83 |  |  |  |  |  |  |  |  |  |  | 2026-08-05 21:39:24.621338 | 69b52944-1515-4ab2-a9fb-445f886ba197 | Net_Metering_2024.xlsx
(1004 rows; csv has all)