-- S06 non-net-metering distributed: whole table (507 rows)
RECORD_ID | DATA_YEAR | STATE | UTILITY_NUMBER | UTILITY_NAME | BA_CODE | NUMBER_OF_GENERATORS | TOTAL_CAPACITY_MW | CAPACITY_BACK_UP_ONLY_MW | CAPACITY_UTILITY_OWNED_MW | TECHNOLOGY_TYPE | RESIDENTIAL_CAPACITY_MW_TECH_01 | COMMERCIAL_CAPACITY_MW_TECH_01 | INDUSTRIAL_CAPACITY_MW_TECH_01 | TRANSPORTATION_CAPACITY_MW_TECH_01 | DIRECT_CONNECTED_CAPACITY_MW_TECH_01 | TOTAL_CAPACITY_MW_TECH_01 | RESIDENTIAL_CAPACITY_MW_TECH_02 | COMMERCIAL_CAPACITY_MW_TECH_02 | INDUSTRIAL_CAPACITY_MW_TECH_02 | TRANSPORTATION_CAPACITY_MW_TECH_02 | DIRECT_CONNECTED_CAPACITY_MW_TECH_02 | TOTAL_CAPACITY_MW_TECH_02 | RESIDENTIAL_CAPACITY_MW_TECH_03 | COMMERCIAL_CAPACITY_MW_TECH_03 | INDUSTRIAL_CAPACITY_MW_TECH_03 | TRANSPORTATION_CAPACITY_MW_TECH_03 | DIRECT_CONNECTED_CAPACITY_MW_TECH_03 | TOTAL_CAPACITY_MW_TECH_03 | RESIDENTIAL_CAPACITY_MW_TECH_04 | COMMERCIAL_CAPACITY_MW_TECH_04 | INDUSTRIAL_CAPACITY_MW_TECH_04 | TRANSPORTATION_CAPACITY_MW_TECH_04 | DIRECT_CONNECTED_CAPACITY_MW_TECH_04 | TOTAL_CAPACITY_MW_TECH_04 | RESIDENTIAL_CAPACITY_MW_TECH_05 | COMMERCIAL_CAPACITY_MW_TECH_05 | INDUSTRIAL_CAPACITY_MW_TECH_05 | TRANSPORTATION_CAPACITY_MW_TECH_05 | DIRECT_CONNECTED_CAPACITY_MW_TECH_05 | TOTAL_CAPACITY_MW_TECH_05 | RESIDENTIAL_CAPACITY_MW_TECH_06 | COMMERCIAL_CAPACITY_MW_TECH_06 | INDUSTRIAL_CAPACITY_MW_TECH_06 | TRANSPORTATION_CAPACITY_MW_TECH_06 | DIRECT_CONNECTED_CAPACITY_MW_TECH_06 | TOTAL_CAPACITY_MW_TECH_06 | RESIDENTIAL_CAPACITY_MW_TECH_07 | COMMERCIAL_CAPACITY_MW_TECH_07 | INDUSTRIAL_CAPACITY_MW_TECH_07 | TRANSPORTATION_CAPACITY_MW_TECH_07 | DIRECT_CONNECTED_CAPACITY_MW_TECH_07 | TOTAL_CAPACITY_MW_TECH_07 | RESIDENTIAL_CAPACITY_MW_TECH_08 | COMMERCIAL_CAPACITY_MW_TECH_08 | INDUSTRIAL_CAPACITY_MW_TECH_08 | TRANSPORTATION_CAPACITY_MW_TECH_08 | DIRECT_CONNECTED_CAPACITY_MW_TECH_08 | TOTAL_CAPACITY_MW_TECH_08 | RESIDENTIAL_CAPACITY_MW_TECH_09 | COMMERCIAL_CAPACITY_MW_TECH_09 | INDUSTRIAL_CAPACITY_MW_TECH_09 | TRANSPORTATION_CAPACITY_MW_TECH_09 | DIRECT_CONNECTED_CAPACITY_MW_TECH_09 | TOTAL_CAPACITY_MW_TECH_09 | RESIDENTIAL_CAPACITY_MW_TECH_10 | COMMERCIAL_CAPACITY_MW_TECH_10 | INDUSTRIAL_CAPACITY_MW_TECH_10 | TRANSPORTATION_CAPACITY_MW_TECH_10 | DIRECT_CONNECTED_CAPACITY_MW_TECH_10 | TOTAL_CAPACITY_MW_TECH_10 | RESIDENTIAL_CAPACITY_MW_ALL_TECH | COMMERCIAL_CAPACITY_MW_ALL_TECH | INDUSTRIAL_CAPACITY_MW_ALL_TECH | TRANSPORTATION_CAPACITY_MW_ALL_TECH | DIRECT_CONNECTED_CAPACITY_MW_ALL_TECH | TOTAL_CAPACITY_MW_ALL_TECH | _LOADED_AT | _SOURCE_RUN_ID | _SRC_FILE
131574a5e94b862c1279259c0dbd2ed9-1 | 2024 | NC | 8333 | Haywood Electric Member Corp | DUK | 3 | 0.615 | 0.615 | 0.615 |  |  |  |  |  |  | 0.0 |  |  |  |  |  | 0.0 |  |  |  |  |  | 0.0 |  |  |  |  |  | 0.0 |  |  |  |  |  | 0.0 |  |  |  |  |  | 0.0 |  |  |  |  | 0.615 | 0.615 |  |  |  |  |  | 0.0 |  |  |  |  |  | 0.0 |  |  |  |  |  | 0.0 | 0.0 | 0.0 | 0.0 | 0 | 0.615 | 0.615 | 2026-08-05 21:39:28.599333 | 2667b6ca-9c67-4477-bc96-23793248c717 | Non_Net_Metering_Distributed_2024.xlsx
489b6d7e070c77ed577040a64d1e97ac-1 | 2024 | MN | 16181 | Rochester Public Utilities | MISO | 6 | 1.295 | 0.0 | 0.0 | AC |  | 1.295 |  |  |  | 1.295 |  |  |  |  |  | 0.0 |  |  |  |  |  | 0.0 |  |  |  |  |  | 0.0 |  |  |  |  |  | 0.0 |  |  |  |  |  | 0.0 |  |  |  |  |  | 0.0 |  |  |  |  |  | 0.0 |  |  |  |  |  | 0.0 |  |  |  |  |  | 0.0 | 0.0 | 1.295 | 0.0 | 0 | 0.0 | 1.295 | 2026-08-05 21:39:28.599333 | 2667b6ca-9c67-4477-bc96-23793248c717 | Non_Net_Metering_Distributed_2024.xlsx
0ccdd2e398d0d1fe3d1fd9dcea004306-1 | 2024 | CA | 16655 | City of Santa Clara - (CA) | CISO | 3 | 0.294 |  |  |  |  |  |  |  |  | 0.0 |  | 0.28 |  |  |  | 0.28 |  |  |  |  |  | 0.0 |  | 0.014 |  |  |  | 0.014 |  |  |  |  |  | 0.0 |  |  |  |  |  | 0.0 |  |  |  |  |  | 0.0 |  |  |  |  |  | 0.0 |  |  |  |  |  | 0.0 |  |  |  |  |  | 0.0 | 0.0 | 0.294 | 0.0 | 0 | 0.0 | 0.294 | 2026-08-05 21:39:28.599333 | 2667b6ca-9c67-4477-bc96-23793248c717 | Non_Net_Metering_Distributed_2024.xlsx
08020155d81c7e23569aefe0d98ae38a-1 | 2024 | IL | 13032 | Mt Carmel Public Utility Co | MISO | 1 | 0.049 |  |  | AC |  | 0.049 |  |  |  | 0.049 |  |  |  |  |  | 0.0 |  |  |  |  |  | 0.0 |  |  |  |  |  | 0.0 |  |  |  |  |  | 0.0 |  |  |  |  |  | 0.0 |  |  |  |  |  | 0.0 |  |  |  |  |  | 0.0 |  |  |  |  |  | 0.0 |  |  |  |  |  | 0.0 | 0.0 | 0.049 | 0.0 | 0 | 0.0 | 0.049 | 2026-08-05 21:39:28.599333 | 2667b6ca-9c67-4477-bc96-23793248c717 | Non_Net_Metering_Distributed_2024.xlsx
45cc01b820e0bbf0582db7b429e1725b-1 | 2024 | AL | 241 | Albertville Municipal Utilities Board | TVA | 3 | 0.026 | 0.0 | 0.0 | AC | 0.02 | 0.006 | 0.0 | 0 | 0.0 | 0.026 |  |  |  |  |  |  |  |  |  |  |  |  | 0.0 | 0.0 | 0.0 | 0 | 0.0 | 0.0 | 0.0 | 0.0 | 0.0 | 0 | 0.0 | 0.0 | 0.0 | 0.0 | 0.0 | 0 | 0.0 | 0.0 | 0.0 | 0.0 | 0.0 | 0 | 0.0 | 0.0 | 0.0 | 0.0 | 0.0 | 0 | 0.0 | 0.0 | 0 | 0.0 | 0.0 | 0 | 0.0 | 0.0 | 0.0 | 0.0 | 0.0 | 0 | 0.0 | 0.0 | 0.02 | 0.006 | 0.0 | 0 | 0.0 | 0.026 | 2026-08-05 21:39:28.599333 | 2667b6ca-9c67-4477-bc96-23793248c717 | Non_Net_Metering_Distributed_2024.xlsx
613fe2d94d7eb0a4fcb6449e600b7d84-1 | 2024 | AK | 213 | Alaska Electric Light & Power Co. |  | 6 | 0.141 |  |  | DC |  | 0.09 |  |  |  | 0.09 |  |  |  |  |  | 0.0 |  |  |  |  |  | 0.0 |  | 0.002 |  |  |  | 0.002 |  | 0.03 |  |  |  | 0.03 |  |  |  |  |  | 0.0 |  |  |  |  |  | 0.0 |  |  |  |  |  | 0.0 |  |  | 0.019 |  |  | 0.019 |  |  |  |  |  | 0.0 | 0.0 | 0.122 | 0.019 | 0 | 0.0 | 0.141 | 2026-08-05 21:39:28.599333 | 2667b6ca-9c67-4477-bc96-23793248c717 | Non_Net_Metering_Distributed_2024.xlsx
1750250e3c17e3842cf033a6453b903e-1 | 2024 | SC | 16606 | Santee Electric Coop, Inc | SC | 4 | 1.45 |  |  | AC |  | 0.25 |  |  |  | 0.25 |  |  |  |  |  | 0.0 |  |  |  |  |  | 0.0 |  |  |  |  |  | 0.0 |  |  |  |  |  | 0.0 |  |  |  |  |  | 0.0 |  |  |  |  |  | 0.0 |  |  |  |  |  | 0.0 |  |  |  |  |  | 0.0 |  | 1.2 |  |  |  | 1.2 | 0.0 | 1.45 | 0.0 | 0 | 0.0 | 1.45 | 2026-08-05 21:39:28.599333 | 2667b6ca-9c67-4477-bc96-23793248c717 | Non_Net_Metering_Distributed_2024.xlsx
9d149b9139595babc4251c11c07a12b9-1 | 2024 | AL | 1640 | City of Bessemer Utilities | TVA | 1 | 0.011 | 0.0 | 0.0 | AC | 0.011 | 0.0 | 0.0 | 0 | 0.0 | 0.011 |  |  |  |  |  |  |  |  |  |  |  |  | 0.0 | 0.0 | 0.0 | 0 | 0.0 | 0.0 | 0.0 | 0.0 | 0.0 | 0 | 0.0 | 0.0 | 0.0 | 0.0 | 0.0 | 0 | 0.0 | 0.0 | 0.0 | 0.0 | 0.0 | 0 | 0.0 | 0.0 | 0.0 | 0.0 | 0.0 | 0 | 0.0 | 0.0 | 0 | 0.0 | 0.0 | 0 | 0.0 | 0.0 | 0.0 | 0.0 | 0.0 | 0 | 0.0 | 0.0 | 0.011 | 0.0 | 0.0 | 0 | 0.0 | 0.011 | 2026-08-05 21:39:28.599333 | 2667b6ca-9c67-4477-bc96-23793248c717 | Non_Net_Metering_Distributed_2024.xlsx
f1236e5f689836ff4338b2eaae168fee-1 | 2024 | WI | 20847 | Wisconsin Electric Power Co | MISO | 171 | 18.715 |  |  | AC | 0.289 | 4.822 | 8.577 |  |  | 13.688 | 0.076 | 0.153 |  |  |  | 0.229 |  |  |  |  |  | 0.0 | 0.1 | 0.256 | 0.216 |  |  | 0.572 |  | 0.377 | 0.465 |  |  | 0.842 |  | 0.4 |  |  |  | 0.4 |  | 0.174 |  |  |  | 0.174 |  |  |  |  |  | 0.0 |  |  | 0.455 |  |  | 0.455 |  | 1.287 | 1.068 |  |  | 2.355 | 0.465 | 7.469 | 10.781 | 0 | 0.0 | 18.715 | 2026-08-05 21:39:28.599333 | 2667b6ca-9c67-4477-bc96-23793248c717 | Non_Net_Metering_Distributed_2024.xlsx
76b742fe3227f39f1023e74b4e91a5d9-1 | 2024 | MS | 15211 | Pontotoc Electric Power Assn | TVA | 2 | 1.002 | 0.0 | 0.0 | AC | 0.003 | 0.0 | 0.0 | 0 | 0.0 | 0.003 |  |  |  |  |  |  |  |  |  |  |  |  | 0.0 | 0.0 | 0.0 | 0 | 0.0 | 0.0 | 0.0 | 0.0 | 0.0 | 0 | 0.0 | 0.0 | 0.0 | 0.0 | 0.0 | 0 | 0.0 | 0.0 | 0.0 | 0.0 | 0.0 | 0 | 0.0 | 0.0 | 0.0 | 0.0 | 0.0 | 0 | 0.0 | 0.0 | 0 | 0.0 | 0.0 | 0 | 0.0 | 0.0 | 0.0 | 0.999 | 0.0 | 0 | 0.0 | 0.999 | 0.003 | 0.999 | 0.0 | 0 | 0.0 | 1.002 | 2026-08-05 21:39:28.599333 | 2667b6ca-9c67-4477-bc96-23793248c717 | Non_Net_Metering_Distributed_2024.xlsx
e071373388e2322388e0d4549f70e0fd-1 | 2024 | GA | 3108 | City of Cartersville - (GA) | SOCO | 2 | 1.4 |  |  | DC |  |  | 1.4 |  |  | 1.4 |  |  |  |  |  | 0.0 |  |  |  |  |  | 0.0 |  |  |  |  |  | 0.0 |  |  |  |  |  | 0.0 |  |  |  |  |  | 0.0 |  |  |  |  |  | 0.0 |  |  |  |  |  | 0.0 |  |  |  |  |  | 0.0 |  |  |  |  |  | 0.0 | 0.0 | 0.0 | 1.4 | 0 | 0.0 | 1.4 | 2026-08-05 21:39:28.599333 | 2667b6ca-9c67-4477-bc96-23793248c717 | Non_Net_Metering_Distributed_2024.xlsx
81f83d03b7d04153aba8f799aa7d258d-1 | 2024 | NC | 24889 | Brunswick Electric Member Corp | CPLE | 21 | 0.437 |  | 0.023 | AC | 0.104 | 0.163 |  |  |  | 0.267 |  |  |  |  |  | 0.0 |  |  |  |  |  | 0.0 |  |  |  |  |  | 0.0 |  |  |  |  |  | 0.0 |  |  |  |  |  | 0.0 |  |  |  |  |  | 0.0 |  |  |  |  |  | 0.0 |  |  |  |  |  | 0.0 |  | 0.17 |  |  |  | 0.17 | 0.104 | 0.333 | 0.0 | 0 | 0.0 | 0.437 | 2026-08-05 21:39:28.599333 | 2667b6ca-9c67-4477-bc96-23793248c717 | Non_Net_Metering_Distributed_2024.xlsx
5b6f31af94f47aa27caaa2f7bf0a7a27-1 | 2024 | MI | 38084 | Great Lakes Energy Coop | MISO | 4 | 2.15 |  |  | AC |  | 2.15 |  |  |  | 2.15 |  |  |  |  |  | 0.0 |  |  |  |  |  | 0.0 |  |  |  |  |  | 0.0 |  |  |  |  |  | 0.0 |  |  |  |  |  | 0.0 |  |  |  |  |  | 0.0 |  |  |  |  |  | 0.0 |  |  |  |  |  | 0.0 |  |  |  |  |  | 0.0 | 0.0 | 2.15 | 0.0 | 0 | 0.0 | 2.15 | 2026-08-05 21:39:28.599333 | 2667b6ca-9c67-4477-bc96-23793248c717 | Non_Net_Metering_Distributed_2024.xlsx
99065b79a21ae16a7a5de30d1f38d0cf-1 | 2024 | OR | 19325 | Umatilla Electric Coop Assn | BPAT | 2 | 1.057 |  | 1.057 | AC |  |  | 0.999 |  | 0.058 | 1.057 |  |  |  |  |  | 0.0 |  |  |  |  |  | 0.0 |  |  |  |  |  | 0.0 |  |  |  |  |  | 0.0 |  |  |  |  |  | 0.0 |  |  |  |  |  | 0.0 |  |  |  |  |  | 0.0 |  |  |  |  |  | 0.0 |  |  |  |  |  | 0.0 | 0.0 | 0.0 | 0.999 | 0 | 0.058 | 1.057 | 2026-08-05 21:39:28.599333 | 2667b6ca-9c67-4477-bc96-23793248c717 | Non_Net_Metering_Distributed_2024.xlsx
b20c4c63d87bdcae239197541ab983fa-1 | 2024 | MS | 13735 | Northcentral Mississippi E P A | TVA | 8 | 0.088 | 0.0 | 0.0 | AC | 0.082 | 0.006 | 0.0 | 0 | 0.0 | 0.088 |  |  |  |  |  |  |  |  |  |  |  |  | 0.0 | 0.0 | 0.0 | 0 | 0.0 | 0.0 | 0.0 | 0.0 | 0.0 | 0 | 0.0 | 0.0 | 0.0 | 0.0 | 0.0 | 0 | 0.0 | 0.0 | 0.0 | 0.0 | 0.0 | 0 | 0.0 | 0.0 | 0.0 | 0.0 | 0.0 | 0 | 0.0 | 0.0 | 0 | 0.0 | 0.0 | 0 | 0.0 | 0.0 | 0.0 | 0.0 | 0.0 | 0 | 0.0 | 0.0 | 0.082 | 0.006 | 0.0 | 0 | 0.0 | 0.088 | 2026-08-05 21:39:28.599333 | 2667b6ca-9c67-4477-bc96-23793248c717 | Non_Net_Metering_Distributed_2024.xlsx
cc6911643a2bb6d3b42923fcd5def019-1 | 2024 | WA | 3660 | PUD No 1 of Clark County - (WA) | BPAT | 382 | 121.9 | 121.9 | 1.6 |  |  |  |  |  |  | 0.0 |  |  |  |  |  | 0.0 |  |  |  |  |  | 0.0 |  |  |  |  |  | 0.0 |  |  |  |  |  | 0.0 |  |  |  |  |  | 0.0 |  | 62.4 | 59.5 |  |  | 121.9 |  |  |  |  |  | 0.0 |  |  |  |  |  | 0.0 |  |  |  |  |  | 0.0 | 0.0 | 62.4 | 59.5 | 0 | 0.0 | 121.9 | 2026-08-05 21:39:28.599333 | 2667b6ca-9c67-4477-bc96-23793248c717 | Non_Net_Metering_Distributed_2024.xlsx
963fe1a710b94a987dd41717245ea9b7-1 | 2024 | IL | 9750 | Jo-Carroll Energy, Inc | MISO | 15 | 7.8 | 2.4 |  | AC |  |  | 5.4 |  |  | 5.4 |  |  |  |  |  | 0.0 |  |  |  |  |  | 0.0 |  |  |  |  |  | 0.0 |  |  |  |  |  | 0.0 |  |  |  |  |  | 0.0 |  |  | 2.4 |  |  | 2.4 |  |  |  |  |  | 0.0 |  |  |  |  |  | 0.0 |  |  |  |  |  | 0.0 | 0.0 | 0.0 | 7.8 | 0 | 0.0 | 7.8 | 2026-08-05 21:39:28.599333 | 2667b6ca-9c67-4477-bc96-23793248c717 | Non_Net_Metering_Distributed_2024.xlsx
fc5db1200948f0dcb14e0565379101e8-1 | 2024 | TN | 9612 | City of Jackson - (TN) | TVA | 13 | 1.314 | 0.0 | 0.0 | AC | 0.038 | 1.276 | 0.0 | 0 | 0.0 | 1.314 |  |  |  |  |  |  |  |  |  |  |  |  | 0.0 | 0.0 | 0.0 | 0 | 0.0 | 0.0 | 0.0 | 0.0 | 0.0 | 0 | 0.0 | 0.0 | 0.0 | 0.0 | 0.0 | 0 | 0.0 | 0.0 | 0.0 | 0.0 | 0.0 | 0 | 0.0 | 0.0 | 0.0 | 0.0 | 0.0 | 0 | 0.0 | 0.0 | 0 | 0.0 | 0.0 | 0 | 0.0 | 0.0 | 0.0 | 0.0 | 0.0 | 0 | 0.0 | 0.0 | 0.038 | 1.276 | 0.0 | 0 | 0.0 | 1.314 | 2026-08-05 21:39:28.599333 | 2667b6ca-9c67-4477-bc96-23793248c717 | Non_Net_Metering_Distributed_2024.xlsx
20df96218adb5b9b8cf30274ecfcc4a0-1 | 2024 | KY | 22053 | Kentucky Power Co | PJM | 5 | 0.696 |  |  | AC | 0.09 | 0.455 | 0.151 | 0 | 0.0 | 0.696 |  |  |  |  |  | 0.0 |  |  |  |  |  | 0.0 |  |  |  |  |  | 0.0 |  |  |  |  |  | 0.0 |  |  |  |  |  | 0.0 |  |  |  |  |  | 0.0 |  |  |  |  |  | 0.0 |  |  |  |  |  | 0.0 |  |  |  |  |  | 0.0 | 0.09 | 0.455 | 0.151 | 0 | 0.0 | 0.696 | 2026-08-05 21:39:28.599333 | 2667b6ca-9c67-4477-bc96-23793248c717 | Non_Net_Metering_Distributed_2024.xlsx
2366b29787e652e40e5b706f908fb2ec-1 | 2024 | TN | 5961 | Town of Erwin - (TN) | TVA | 4 | 0.033 | 0.0 | 0.0 | AC | 0.033 | 0.0 | 0.0 | 0 | 0.0 | 0.033 |  |  |  |  |  |  |  |  |  |  |  |  | 0.0 | 0.0 | 0.0 | 0 | 0.0 | 0.0 | 0.0 | 0.0 | 0.0 | 0 | 0.0 | 0.0 | 0.0 | 0.0 | 0.0 | 0 | 0.0 | 0.0 | 0.0 | 0.0 | 0.0 | 0 | 0.0 | 0.0 | 0.0 | 0.0 | 0.0 | 0 | 0.0 | 0.0 | 0 | 0.0 | 0.0 | 0 | 0.0 | 0.0 | 0.0 | 0.0 | 0.0 | 0 | 0.0 | 0.0 | 0.033 | 0.0 | 0.0 | 0 | 0.0 | 0.033 | 2026-08-05 21:39:28.599333 | 2667b6ca-9c67-4477-bc96-23793248c717 | Non_Net_Metering_Distributed_2024.xlsx
0275c60aa2a49a8e9d227fc8510015c1-1 | 2024 | SD | 12199 | Montana-Dakota Utilities Co | MISO | 2 | 0.015 |  |  | AC | 0.011 |  |  |  |  | 0.011 |  |  |  |  |  | 0.0 |  |  |  |  |  | 0.0 | 0.004 |  |  |  |  | 0.004 |  |  |  |  |  | 0.0 |  |  |  |  |  | 0.0 |  |  |  |  |  | 0.0 |  |  |  |  |  | 0.0 |  |  |  |  |  | 0.0 |  |  |  |  |  | 0.0 | 0.015 | 0.0 | 0.0 | 0 | 0.0 | 0.015 | 2026-08-05 21:39:28.599333 | 2667b6ca-9c67-4477-bc96-23793248c717 | Non_Net_Metering_Distributed_2024.xlsx
2a98c7848210592d5ba645bc3225672e-1 | 2024 | MN | 14246 | City of Owatonna - (MN) | MISO | 2 | 1.09 | 1.0 | 0.0 |  |  |  |  |  |  | 0.0 |  |  |  |  |  | 0.0 |  |  |  |  |  | 0.0 |  |  | 0.09 |  |  | 0.09 |  |  |  |  |  | 0.0 |  |  |  |  |  | 0.0 |  |  | 1.0 |  |  | 1.0 |  |  |  |  |  | 0.0 |  |  |  |  |  | 0.0 |  |  |  |  |  | 0.0 | 0.0 | 0.0 | 1.09 | 0 | 0.0 | 1.09 | 2026-08-05 21:39:28.599333 | 2667b6ca-9c67-4477-bc96-23793248c717 | Non_Net_Metering_Distributed_2024.xlsx
ed14449d36a3971d8710b91b2f021ed5-1 | 2024 | AL | 750 | Arab Electric Coop Inc | TVA | 12 | 0.297 | 0.0 | 0.0 | AC | 0.077 | 0.22 | 0.0 | 0 | 0.0 | 0.297 |  |  |  |  |  |  |  |  |  |  |  |  | 0.0 | 0.0 | 0.0 | 0 | 0.0 | 0.0 | 0.0 | 0.0 | 0.0 | 0 | 0.0 | 0.0 | 0.0 | 0.0 | 0.0 | 0 | 0.0 | 0.0 | 0.0 | 0.0 | 0.0 | 0 | 0.0 | 0.0 | 0.0 | 0.0 | 0.0 | 0 | 0.0 | 0.0 | 0 | 0.0 | 0.0 | 0 | 0.0 | 0.0 | 0.0 | 0.0 | 0.0 | 0 | 0.0 | 0.0 | 0.077 | 0.22 | 0.0 | 0 | 0.0 | 0.297 | 2026-08-05 21:39:28.599333 | 2667b6ca-9c67-4477-bc96-23793248c717 | Non_Net_Metering_Distributed_2024.xlsx
8e861a02c07951be5177e6c72c45b522-1 | 2024 | CA | 7294 | City of Glendale - (CA) | LDWP | 6 | 1.502 |  |  | AC |  |  |  |  | 0.222 | 0.222 |  |  |  |  |  | 0.0 |  |  |  |  |  | 0.0 |  |  |  |  |  | 0.0 |  | 0.33 |  |  |  | 0.33 |  | 0.95 |  |  |  | 0.95 |  |  |  |  |  | 0.0 |  |  |  |  |  | 0.0 |  |  |  |  |  | 0.0 |  |  |  |  |  | 0.0 | 0.0 | 1.28 | 0.0 | 0 | 0.222 | 1.502 | 2026-08-05 21:39:28.599333 | 2667b6ca-9c67-4477-bc96-23793248c717 | Non_Net_Metering_Distributed_2024.xlsx
c056d998aede79efbf7894a96b83d100-1 | 2024 | IA | 15291 | Prairie Energy Coop | SWPP | 26 | 0.661 |  |  | AC | 0.142 |  | 0.519 |  |  | 0.661 |  |  |  |  |  | 0.0 |  |  |  |  |  | 0.0 |  |  |  |  |  | 0.0 |  |  |  |  |  | 0.0 |  |  |  |  |  | 0.0 |  |  |  |  |  | 0.0 |  |  |  |  |  | 0.0 |  |  |  |  |  | 0.0 |  |  |  |  |  | 0.0 | 0.142 | 0.0 | 0.519 | 0 | 0.0 | 0.661 | 2026-08-05 21:39:28.599333 | 2667b6ca-9c67-4477-bc96-23793248c717 | Non_Net_Metering_Distributed_2024.xlsx
7caa488b73b9d21b37c22375fa48c940-1 | 2024 | WI | 99999 | State Adjustment | MISO |  | 0.745 |  |  |  | 0.745 |  |  |  |  | 0.745 |  |  |  |  |  |  |  |  |  |  |  |  |  |  |  |  |  |  |  |  |  |  |  |  |  |  |  |  |  |  |  |  |  |  |  |  |  |  |  |  |  |  |  |  |  |  |  |  |  |  |  |  |  |  | 0.745 |  |  |  |  | 0.745 | 2026-08-05 21:39:28.599333 | 2667b6ca-9c67-4477-bc96-23793248c717 | Non_Net_Metering_Distributed_2024.xlsx
c82e74d1b1e7a516fbe5fed031f99f9b-1 | 2024 | TX | 99999 | State Adjustment | MISO |  | -0.187 |  |  |  |  | -0.187 |  |  |  | -0.187 |  |  |  |  |  |  |  |  |  |  |  |  |  |  |  |  |  |  |  |  |  |  |  |  |  |  |  |  |  |  |  |  |  |  |  |  |  |  |  |  |  |  |  |  |  |  |  |  |  |  |  |  |  |  |  | -0.187 |  |  |  | -0.187 | 2026-08-05 21:39:28.599333 | 2667b6ca-9c67-4477-bc96-23793248c717 | Non_Net_Metering_Distributed_2024.xlsx
c82e74d1b1e7a516fbe5fed031f99f9b-2 | 2024 | TX | 99999 | State Adjustment | ERCO |  | -8.968 |  |  |  | -8.255 | -0.708 | -0.004 |  |  | -8.968 |  |  |  |  |  |  |  |  |  |  |  |  |  |  |  |  |  |  |  |  |  |  |  |  |  |  |  |  |  |  |  |  |  |  |  |  |  |  |  |  |  |  |  |  |  |  |  |  |  |  |  |  |  |  | -8.255 | -0.708 | -0.004 |  |  | -8.968 | 2026-08-05 21:39:28.599333 | 2667b6ca-9c67-4477-bc96-23793248c717 | Non_Net_Metering_Distributed_2024.xlsx
1bd6008173ab1bac7e089c692a30f517-1 | 2024 | CA | 17609 | Southern California Edison Co | CISO | 1832 | 384.164 | 61.031 | 3.58 | AC | 0.0 | 58.541 | 0.0 | 0 | 20.704 | 79.245 | 0.0 | 171.382 | 0.0 | 0 | 1.63 | 173.012 | 0.0 | 561.26 | 0.0 | 0 | 3.0 | 564.26 | 0.0 | 0.454 | 0.0 | 0 | 0.0 | 0.454 | 0.0 | 0.493 | 0.0 | 0 | 6.246 | 6.739 | 0.0 | 7.399 | 0.0 | 0 | 0.225 | 7.624 | 0.0 | 83.151 | 0.0 | 0 | 0.8 | 83.951 | 0.0 | 31.328 | 0.0 | 0 | 0.0 | 31.328 | 0 | 0.0 | 0.0 | 0 | 0.0 | 0.0 | 0.0 | 1.542 | 0.0 | 0 | 0.269 | 1.811 | 0.0 | 354.29 | 0.0 | 0 | 29.874 | 384.164 | 2026-08-05 21:39:28.599333 | 2667b6ca-9c67-4477-bc96-23793248c717 | Non_Net_Metering_Distributed_2024.xlsx
c588842974e58107798e1ee208a4277b-1 | 2024 | RI | 13214 | The Narragansett Electric Co | ISNE | 7578 | 101.304 |  |  | AC | 43.191 | 53.842 | 0.135 |  |  | 97.168 | 0.48 | 0.47 |  |  |  | 0.95 |  |  |  |  |  | 0.0 |  |  |  |  |  | 0.0 |  | 0.89 |  |  |  | 0.89 |  |  |  |  |  | 0.0 |  | 1.221 | 0.08 |  |  | 1.301 | 0.002 | 0.633 | 0.36 |  |  | 0.995 |  |  |  |  |  | 0.0 |  |  |  |  |  | 0.0 | 43.673 | 57.056 | 0.575 | 0 | 0.0 | 101.304 | 2026-08-05 21:39:28.599333 | 2667b6ca-9c67-4477-bc96-23793248c717 | Non_Net_Metering_Distributed_2024.xlsx
899a3f6e487c865ae19288c199973856-1 | 2024 | MS | 18943 | Tippah Electric Power Assn | TVA | 1 | 0.002 | 0.0 | 0.0 | AC | 0.002 | 0.0 | 0.0 | 0 | 0.0 | 0.002 |  |  |  |  |  |  |  |  |  |  |  |  | 0.0 | 0.0 | 0.0 | 0 | 0.0 | 0.0 | 0.0 | 0.0 | 0.0 | 0 | 0.0 | 0.0 | 0.0 | 0.0 | 0.0 | 0 | 0.0 | 0.0 | 0.0 | 0.0 | 0.0 | 0 | 0.0 | 0.0 | 0.0 | 0.0 | 0.0 | 0 | 0.0 | 0.0 | 0 | 0.0 | 0.0 | 0 | 0.0 | 0.0 | 0.0 | 0.0 | 0.0 | 0 | 0.0 | 0.0 | 0.002 | 0.0 | 0.0 | 0 | 0.0 | 0.002 | 2026-08-05 21:39:28.599333 | 2667b6ca-9c67-4477-bc96-23793248c717 | Non_Net_Metering_Distributed_2024.xlsx
31198705104edf2819dad929a5db127d-1 | 2024 | MS | 12685 | Entergy Mississippi LLC | MISO | 15 | 3.675 |  | 3.675 | DC |  |  |  |  | 1.5 | 1.5 |  |  |  |  |  | 0.0 |  |  |  |  |  | 0.0 |  |  |  |  |  | 0.0 |  |  |  |  |  | 0.0 |  |  |  |  |  | 0.0 |  | 2.175 |  |  |  | 2.175 |  |  |  |  |  | 0.0 |  |  |  |  |  | 0.0 |  |  |  |  |  | 0.0 | 0.0 | 2.175 | 0.0 | 0 | 1.5 | 3.675 | 2026-08-05 21:39:28.599333 | 2667b6ca-9c67-4477-bc96-23793248c717 | Non_Net_Metering_Distributed_2024.xlsx
c848fcaf7fb1edbda62bfba3d165ebfd-1 | 2024 | TN | 13027 | Mountain Electric Coop, Inc | TVA | 16 | 0.126 | 0.0 | 0.0 | AC | 0.079 | 0.044 | 0.0 | 0 | 0.0 | 0.123 |  |  |  |  |  |  |  |  |  |  |  |  | 0.0 | 0.0 | 0.0 | 0 | 0.0 | 0.0 | 0.0 | 0.003 | 0.0 | 0 | 0.0 | 0.003 | 0.0 | 0.0 | 0.0 | 0 | 0.0 | 0.0 | 0.0 | 0.0 | 0.0 | 0 | 0.0 | 0.0 | 0.0 | 0.0 | 0.0 | 0 | 0.0 | 0.0 | 0 | 0.0 | 0.0 | 0 | 0.0 | 0.0 | 0.0 | 0.0 | 0.0 | 0 | 0.0 | 0.0 | 0.079 | 0.047 | 0.0 | 0 | 0.0 | 0.126 | 2026-08-05 21:39:28.599333 | 2667b6ca-9c67-4477-bc96-23793248c717 | Non_Net_Metering_Distributed_2024.xlsx
989fa78d636111d9aa17c2dc47d81164-1 | 2024 | MN | 20996 | Wright-Hennepin Coop Elec Assn | MISO | 15 | 6.529 | 6.05 | 0.0 | AC | 0.229 | 0.25 |  |  |  | 0.479 |  |  |  |  |  | 0.0 |  |  |  |  |  | 0.0 |  |  |  |  |  | 0.0 |  |  |  |  |  | 0.0 |  |  |  |  |  | 0.0 |  | 6.05 |  |  |  | 6.05 |  |  |  |  |  | 0.0 |  |  |  |  |  | 0.0 |  |  |  |  |  | 0.0 | 0.229 | 6.3 | 0.0 | 0 | 0.0 | 6.529 | 2026-08-05 21:39:28.599333 | 2667b6ca-9c67-4477-bc96-23793248c717 | Non_Net_Metering_Distributed_2024.xlsx
e668ad38329388eb9f688022f2d3b4ef-1 | 2024 | AK | 99999 | State Adjustment |  |  | -0.016 |  |  |  |  | -0.016 |  |  |  | -0.016 |  |  |  |  |  |  |  |  |  |  |  |  |  |  |  |  |  |  |  |  |  |  |  |  |  |  |  |  |  |  |  |  |  |  |  |  |  |  |  |  |  |  |  |  |  |  |  |  |  |  |  |  |  |  |  | -0.016 |  |  |  | -0.016 | 2026-08-05 21:39:28.599333 | 2667b6ca-9c67-4477-bc96-23793248c717 | Non_Net_Metering_Distributed_2024.xlsx
4cbfc99b98679f3d6dbaad05c56ea884-1 | 2024 | FL | 6452 | Florida Power & Light Co | FPL | 771 | 213.597 | 207.84 | 8.241 | AC |  | 3.544 |  |  | 2.216 | 5.76 |  | 0.307 |  |  |  | 0.307 |  |  |  |  |  | 0.0 |  |  |  |  |  | 0.0 |  |  |  |  |  | 0.0 |  |  |  |  |  | 0.0 |  | 206.53 | 1.0 |  |  | 207.53 |  |  |  |  |  | 0.0 |  |  |  |  |  | 0.0 |  |  |  |  |  | 0.0 | 0.0 | 210.381 | 1.0 | 0 | 2.216 | 213.597 | 2026-08-05 21:39:28.599333 | 2667b6ca-9c67-4477-bc96-23793248c717 | Non_Net_Metering_Distributed_2024.xlsx
fc7f47ea9486dc32745c68ef7dccca2b-1 | 2024 | GA | 18397 | City of Sylvania - (GA) | SOCO | 1 | 0.005 |  |  | DC | 0.005 |  |  |  |  | 0.005 |  |  |  |  |  | 0.0 |  |  |  |  |  | 0.0 |  |  |  |  |  | 0.0 |  |  |  |  |  | 0.0 |  |  |  |  |  | 0.0 |  |  |  |  |  | 0.0 |  |  |  |  |  | 0.0 |  |  |  |  |  | 0.0 |  |  |  |  |  | 0.0 | 0.005 | 0.0 | 0.0 | 0 | 0.0 | 0.005 | 2026-08-05 21:39:28.599333 | 2667b6ca-9c67-4477-bc96-23793248c717 | Non_Net_Metering_Distributed_2024.xlsx
bd0a5bc95234dafe1a2922b34c512e2e-1 | 2024 | HI | 8287 | Hawaii Electric Light Co Inc |  | 2674 | 60.054 |  | 0.059 | AC | 16.172 | 20.05 |  |  |  | 36.222 | 16.932 | 4.386 |  |  |  | 21.318 | 42.111 | 10.984 |  |  |  | 53.095 |  | 0.662 |  |  |  | 0.662 |  | 0.237 |  |  |  | 0.237 |  |  |  |  |  | 0.0 |  | 1.615 |  |  |  | 1.615 |  |  |  |  |  | 0.0 |  |  |  |  |  | 0.0 |  |  |  |  |  | 0.0 | 33.104 | 26.95 | 0.0 | 0 | 0.0 | 60.054 | 2026-08-05 21:39:28.599333 | 2667b6ca-9c67-4477-bc96-23793248c717 | Non_Net_Metering_Distributed_2024.xlsx
244cb6e35aa860eb6264bec42365df57-1 | 2024 | TN | 6608 | Fort Loudoun Electric Coop | TVA | 49 | 1.586 | 0.0 | 0.0 | AC | 0.36 | 0.227 | 0.0 | 0 | 0.0 | 0.587 |  |  |  |  |  |  |  |  |  |  |  |  | 0.0 | 0.0 | 0.0 | 0 | 0.0 | 0.0 | 0.0 | 0.0 | 0.0 | 0 | 0.0 | 0.0 | 0.0 | 0.0 | 0.0 | 0 | 0.0 | 0.0 | 0.0 | 0.0 | 0.0 | 0 | 0.0 | 0.0 | 0.0 | 0.0 | 0.0 | 0 | 0.0 | 0.0 | 0 | 0.0 | 0.0 | 0 | 0.0 | 0.0 | 0.0 | 0.999 | 0.0 | 0 | 0.0 | 0.999 | 0.36 | 1.226 | 0.0 | 0 | 0.0 | 1.586 | 2026-08-05 21:39:28.599333 | 2667b6ca-9c67-4477-bc96-23793248c717 | Non_Net_Metering_Distributed_2024.xlsx
6a76d44d9e9f1b6c09611b7399445211-1 | 2024 | CA | 11124 | City of Lodi - (CA) | CISO | 1637 | 9.48 |  |  | AC | 7.754 | 1.315 |  |  |  | 9.069 | 0.411 |  |  |  |  | 0.411 |  |  |  |  |  | 0.0 |  |  |  |  |  | 0.0 |  |  |  |  |  | 0.0 |  |  |  |  |  | 0.0 |  |  |  |  |  | 0.0 |  |  |  |  |  | 0.0 |  |  |  |  |  | 0.0 |  |  |  |  |  | 0.0 | 8.165 | 1.315 | 0.0 | 0 | 0.0 | 9.48 | 2026-08-05 21:39:28.599333 | 2667b6ca-9c67-4477-bc96-23793248c717 | Non_Net_Metering_Distributed_2024.xlsx
260fe1e29772aa516ba56fecf66430bf-1 | 2024 | VA | 733 | Appalachian Power Co | PJM | 13 | 1.637 |  | 0.0 | AC | 0.0 | 0.036 | 0.066 | 0 | 0.0 | 0.102 |  |  |  |  |  | 0.0 |  |  |  |  |  | 0.0 | 0.0 | 0.01 | 0.0 | 0 | 0.0 | 0.01 | 0.0 | 0.51 | 0.0 | 0 | 0.0 | 0.51 |  |  |  |  |  | 0.0 | 0.0 | 0.95 | 0.0 | 0 | 0.0 | 0.95 |  |  |  |  |  | 0.0 |  |  |  |  |  | 0.0 | 0.0 | 0.065 | 0.0 | 0 | 0.0 | 0.065 | 0.0 | 1.571 | 0.066 | 0 | 0.0 | 1.637 | 2026-08-05 21:39:28.599333 | 2667b6ca-9c67-4477-bc96-23793248c717 | Non_Net_Metering_Distributed_2024.xlsx
b5f1a31b62601a4d89ab3aa28af728cf-1 | 2024 | KY | 10171 | Kentucky Utilities Co | LGEE | 35 | 6.239 | 0.0 | 0.204 | DC |  | 3.75 | 2.15 |  | 0.204 | 6.104 |  |  | 0.135 |  |  | 0.135 |  |  |  |  |  | 0.0 |  |  |  |  |  | 0.0 |  |  |  |  |  | 0.0 |  |  |  |  |  | 0.0 |  |  |  |  |  | 0.0 |  |  |  |  |  | 0.0 |  |  |  |  |  | 0.0 |  |  |  |  |  | 0.0 | 0.0 | 3.75 | 2.285 | 0 | 0.204 | 6.239 | 2026-08-05 21:39:28.599333 | 2667b6ca-9c67-4477-bc96-23793248c717 | Non_Net_Metering_Distributed_2024.xlsx
dc4ee9c2131efd7a5749b5ead33f39aa-1 | 2024 | HI | 19547 | Hawaiian Electric Co Inc | HECO | 6725 | 229.863 |  | 0.928 | AC | 57.754 | 115.772 | 0.803 |  | 0.125 | 174.454 | 47.507 | 7.777 |  |  |  | 55.284 | 121.194 | 41.992 |  |  |  | 163.186 |  | 0.005 |  |  |  | 0.005 |  |  |  |  |  | 0.0 |  |  |  |  |  | 0.0 |  | 0.12 |  |  |  | 0.12 |  |  |  |  |  | 0.0 |  |  |  |  |  | 0.0 |  |  |  |  |  | 0.0 | 105.261 | 123.674 | 0.803 | 0 | 0.125 | 229.863 | 2026-08-05 21:39:28.599333 | 2667b6ca-9c67-4477-bc96-23793248c717 | Non_Net_Metering_Distributed_2024.xlsx
59cc2e01ad596ec0dd9771d8d14189c9-1 | 2024 | FL | 20885 | Withlacoochee River Elec Coop | SEC | 21 | 11.05 | 11.05 | 11.05 |  |  |  |  |  |  | 0.0 |  |  |  |  |  | 0.0 |  |  |  |  |  | 0.0 |  |  |  |  |  | 0.0 |  |  |  |  |  | 0.0 |  |  |  |  |  | 0.0 |  | 11.05 |  |  |  | 11.05 |  |  |  |  |  | 0.0 |  |  |  |  |  | 0.0 |  |  |  |  |  | 0.0 | 0.0 | 11.05 | 0.0 | 0 | 0.0 | 11.05 | 2026-08-05 21:39:28.599333 | 2667b6ca-9c67-4477-bc96-23793248c717 | Non_Net_Metering_Distributed_2024.xlsx
47c077031d5c23a330fe6efe3794e59c-1 | 2024 | KY | 9697 | City of Jellico | TVA | 18 | 0.088 | 0.0 | 0.0 | AC | 0.088 | 0.0 | 0.0 | 0 | 0.0 | 0.088 |  |  |  |  |  |  |  |  |  |  |  |  | 0.0 | 0.0 | 0.0 | 0 | 0.0 | 0.0 | 0.0 | 0.0 | 0.0 | 0 | 0.0 | 0.0 | 0.0 | 0.0 | 0.0 | 0 | 0.0 | 0.0 | 0.0 | 0.0 | 0.0 | 0 | 0.0 | 0.0 | 0.0 | 0.0 | 0.0 | 0 | 0.0 | 0.0 | 0 | 0.0 | 0.0 | 0 | 0.0 | 0.0 | 0.0 | 0.0 | 0.0 | 0 | 0.0 | 0.0 | 0.088 | 0.0 | 0.0 | 0 | 0.0 | 0.088 | 2026-08-05 21:39:28.599333 | 2667b6ca-9c67-4477-bc96-23793248c717 | Non_Net_Metering_Distributed_2024.xlsx
2616ffd549b8e26e6ffbe89d3ec17ad6-1 | 2024 | TN | 15141 | Plateau Electric Cooperative | TVA | 3 | 0.052 | 0.0 | 0.0 | AC | 0.005 | 0.047 | 0.0 | 0 | 0.0 | 0.052 |  |  |  |  |  |  |  |  |  |  |  |  | 0.0 | 0.0 | 0.0 | 0 | 0.0 | 0.0 | 0.0 | 0.0 | 0.0 | 0 | 0.0 | 0.0 | 0.0 | 0.0 | 0.0 | 0 | 0.0 | 0.0 | 0.0 | 0.0 | 0.0 | 0 | 0.0 | 0.0 | 0.0 | 0.0 | 0.0 | 0 | 0.0 | 0.0 | 0 | 0.0 | 0.0 | 0 | 0.0 | 0.0 | 0.0 | 0.0 | 0.0 | 0 | 0.0 | 0.0 | 0.005 | 0.047 | 0.0 | 0 | 0.0 | 0.052 | 2026-08-05 21:39:28.599333 | 2667b6ca-9c67-4477-bc96-23793248c717 | Non_Net_Metering_Distributed_2024.xlsx
4f705dfa4230e6405d4753764d5ed3df-1 | 2024 | WI | 13815 | Northwestern Wisconsin Elec Co | MISO | 5 | 3.0 | 3.0 |  | AC |  |  |  |  |  | 0.0 |  |  |  |  |  | 0.0 |  |  |  |  |  | 0.0 |  |  |  |  |  | 0.0 |  |  |  |  |  | 0.0 |  |  |  |  |  | 0.0 |  |  | 3.0 |  |  | 3.0 |  |  |  |  |  | 0.0 |  |  |  |  |  | 0.0 |  |  |  |  |  | 0.0 | 0.0 | 0.0 | 3.0 | 0 | 0.0 | 3.0 | 2026-08-05 21:39:28.599333 | 2667b6ca-9c67-4477-bc96-23793248c717 | Non_Net_Metering_Distributed_2024.xlsx
1db7401c9e6f738252b196376a00c0aa-1 | 2024 | MN | 9130 | Hutchinson Utilities Comm | MISO | 1 | 0.625 | 0.0 | 0.625 | DC |  |  |  |  | 0.625 | 0.625 |  |  |  |  |  | 0.0 |  |  |  |  |  | 0.0 |  |  |  |  |  | 0.0 |  |  |  |  |  | 0.0 |  |  |  |  |  | 0.0 |  |  |  |  |  | 0.0 |  |  |  |  |  | 0.0 |  |  |  |  |  | 0.0 |  |  |  |  |  | 0.0 | 0.0 | 0.0 | 0.0 | 0 | 0.625 | 0.625 | 2026-08-05 21:39:28.599333 | 2667b6ca-9c67-4477-bc96-23793248c717 | Non_Net_Metering_Distributed_2024.xlsx
c7eea42a3186ee3862d19b382ab2276c-1 | 2024 | CA | 207 | Alameda Municipal Power | CISO | 663 | 6.159 |  |  | AC | 3.371 | 1.536 |  |  |  | 4.907 | 1.252 |  |  |  |  | 1.252 |  |  |  |  |  | 0.0 |  |  |  |  |  | 0.0 |  |  |  |  |  | 0.0 |  |  |  |  |  | 0.0 |  |  |  |  |  | 0.0 |  |  |  |  |  | 0.0 |  |  |  |  |  | 0.0 |  |  |  |  |  | 0.0 | 4.623 | 1.536 | 0.0 | 0 | 0.0 | 6.159 | 2026-08-05 21:39:28.599333 | 2667b6ca-9c67-4477-bc96-23793248c717 | Non_Net_Metering_Distributed_2024.xlsx
e03e447b7eef58ac18a8e770d2388408-1 | 2024 | NE | 17548 | South Central Public Pwr Dist | SWPP | 3 | 1.05 | 0.0 | 0.0 | AC | 0.0 | 0.0 | 0.0 | 0 | 1.05 | 1.05 | 0.0 | 0.0 | 0.0 | 0 | 0.0 | 0.0 | 0.0 | 0.0 | 0.0 | 0 | 0.0 | 0.0 | 0.0 | 0.0 | 0.0 | 0 | 0.0 | 0.0 | 0.0 | 0.0 | 0.0 | 0 | 0.0 | 0.0 | 0.0 | 0.0 | 0.0 | 0 | 0.0 | 0.0 | 0.0 | 0.0 | 0.0 | 0 | 0.0 | 0.0 | 0.0 | 0.0 | 0.0 | 0 | 0.0 | 0.0 | 0 | 0.0 | 0.0 | 0 | 0.0 | 0.0 | 0.0 | 0.0 | 0.0 | 0 | 0.0 | 0.0 | 0.0 | 0.0 | 0.0 | 0 | 1.05 | 1.05 | 2026-08-05 21:39:28.599333 | 2667b6ca-9c67-4477-bc96-23793248c717 | Non_Net_Metering_Distributed_2024.xlsx
e14e9da35765cabc1a1abb6221e60cec-1 | 2024 | SC | 21002 | York Electric Coop Inc | DUK | 7 | 6.5 |  |  |  |  |  |  |  |  | 0.0 |  |  |  |  |  | 0.0 |  |  |  |  |  | 0.0 |  |  |  |  |  | 0.0 |  |  |  |  |  | 0.0 |  |  |  |  |  | 0.0 | 6.5 |  |  |  |  | 6.5 |  |  |  |  |  | 0.0 |  |  |  |  |  | 0.0 |  |  |  |  |  | 0.0 | 6.5 | 0.0 | 0.0 | 0 | 0.0 | 6.5 | 2026-08-05 21:39:28.599333 | 2667b6ca-9c67-4477-bc96-23793248c717 | Non_Net_Metering_Distributed_2024.xlsx
d1d35b5207966478b836deeaee62b1b2-1 | 2024 | TX | 5078 | Denton County Elec Coop, Inc | ERCO | 21 | 14.9 |  |  | DC |  |  |  |  |  | 0.0 |  |  |  |  |  | 0.0 |  |  |  |  |  | 0.0 |  |  |  |  |  | 0.0 |  |  |  |  |  | 0.0 |  |  |  |  |  | 0.0 |  | 14.9 |  |  |  | 14.9 |  |  |  |  |  | 0.0 |  |  |  |  |  | 0.0 |  |  |  |  |  | 0.0 | 0.0 | 14.9 | 0.0 | 0 | 0.0 | 14.9 | 2026-08-05 21:39:28.599333 | 2667b6ca-9c67-4477-bc96-23793248c717 | Non_Net_Metering_Distributed_2024.xlsx
122f20578581458453ba7b182e40c004-1 | 2024 | MS | 17252 | Singing River Elec Cooperative | MISO | 207 | 1.621 |  |  | AC | 1.505 | 0.106 |  |  |  | 1.611 |  |  |  |  |  | 0.0 |  |  |  |  |  | 0.0 |  |  |  |  |  | 0.0 |  |  |  |  |  | 0.0 |  |  |  |  |  | 0.0 |  | 0.01 |  |  |  | 0.01 |  |  |  |  |  | 0.0 |  |  |  |  |  | 0.0 |  |  |  |  |  | 0.0 | 1.505 | 0.116 | 0.0 | 0 | 0.0 | 1.621 | 2026-08-05 21:39:28.599333 | 2667b6ca-9c67-4477-bc96-23793248c717 | Non_Net_Metering_Distributed_2024.xlsx
08f62c028a6c2d574f7faf0a813296d2-1 | 2024 | CA | 14328 | Pacific Gas & Electric Co. | CISO | 2830 | 166.523 | 1.085 |  | AC | 0.099 | 24.73 | 32.657 | 0 | 12.268 | 69.754 | 5.658 | 13.971 | 15.246 | 0 | 0.089 | 34.964 | 0.0 | 0.0 | 0.0 | 0 | 0.0 | 0.0 | 0.0 | 0.019 | 0.015 | 0 | 0.0 | 0.034 | 0.0 | 6.193 | 0.0 | 0 | 10.83 | 17.023 | 0.117 | 1.332 | 2.685 | 0 | 0.0 | 4.134 | 0.426 | 6.573 | 16.898 | 0 | 1.773 | 25.67 | 0.0 | 0.868 | 9.886 | 0 | 0.0 | 10.754 | 0 | 0.0 | 0.0 | 0 | 1.35 | 1.35 | 0.1 | 2.02 | 0.72 | 0 | 0.0 | 2.84 | 6.4 | 55.706 | 78.107 | 0 | 26.31 | 166.523 | 2026-08-05 21:39:28.599333 | 2667b6ca-9c67-4477-bc96-23793248c717 | Non_Net_Metering_Distributed_2024.xlsx
1d87dd59e0e4661495764c06ac6c7269-1 | 2024 | AL | 3222 | Central Alabama Electric Coop | SOCO | 19 | 0.951 | 0.867 | 0.951 |  |  |  |  |  |  | 0.0 |  |  |  |  |  | 0.0 |  |  |  |  |  | 0.0 |  |  |  |  |  | 0.0 |  |  |  |  |  | 0.0 |  |  |  |  |  | 0.0 | 0.951 |  |  |  |  | 0.951 |  |  |  |  |  | 0.0 |  |  |  |  |  | 0.0 |  |  |  |  |  | 0.0 | 0.951 | 0.0 | 0.0 | 0 | 0.0 | 0.951 | 2026-08-05 21:39:28.599333 | 2667b6ca-9c67-4477-bc96-23793248c717 | Non_Net_Metering_Distributed_2024.xlsx
8c22548d6c9728a1f151f78542dc614d-1 | 2024 | TX | 16900 | City of Seguin - (TX) | ERCO | 111 | 5.832 |  |  | AC | 0.808 | 5.024 |  |  |  | 5.832 |  |  |  |  |  | 0.0 |  |  |  |  |  | 0.0 |  |  |  |  |  | 0.0 |  |  |  |  |  | 0.0 |  |  |  |  |  | 0.0 |  |  |  |  |  | 0.0 |  |  |  |  |  | 0.0 |  |  |  |  |  | 0.0 |  |  |  |  |  | 0.0 | 0.808 | 5.024 | 0.0 | 0 | 0.0 | 5.832 | 2026-08-05 21:39:28.599333 | 2667b6ca-9c67-4477-bc96-23793248c717 | Non_Net_Metering_Distributed_2024.xlsx
1ad49d9e54c58006ae802a9a0277c188-1 | 2024 | CA | 14354 | PacifiCorp | PACW | 2 | 0.111 |  |  |  |  |  |  |  |  | 0.0 |  |  |  |  |  | 0.0 |  |  |  |  |  | 0.0 |  |  |  |  |  | 0.0 |  |  |  |  | 0.036 | 0.036 |  |  |  |  |  | 0.0 |  |  |  |  |  | 0.0 |  |  |  |  |  | 0.0 |  |  |  |  | 0.075 | 0.075 |  |  |  |  |  | 0.0 | 0.0 | 0.0 | 0.0 | 0 | 0.111 | 0.111 | 2026-08-05 21:39:28.599333 | 2667b6ca-9c67-4477-bc96-23793248c717 | Non_Net_Metering_Distributed_2024.xlsx
3519f10b2e44aff6b8665866783746f5-1 | 2024 | TN | 727 | Appalachian Electric Coop | TVA | 30 | 0.391 | 0.0 | 0.0 | AC | 0.202 | 0.189 | 0.0 | 0 | 0.0 | 0.391 |  |  |  |  |  |  |  |  |  |  |  |  | 0.0 | 0.0 | 0.0 | 0 | 0.0 | 0.0 | 0.0 | 0.0 | 0.0 | 0 | 0.0 | 0.0 | 0.0 | 0.0 | 0.0 | 0 | 0.0 | 0.0 | 0.0 | 0.0 | 0.0 | 0 | 0.0 | 0.0 | 0.0 | 0.0 | 0.0 | 0 | 0.0 | 0.0 | 0 | 0.0 | 0.0 | 0 | 0.0 | 0.0 | 0.0 | 0.0 | 0.0 | 0 | 0.0 | 0.0 | 0.202 | 0.189 | 0.0 | 0 | 0.0 | 0.391 | 2026-08-05 21:39:28.599333 | 2667b6ca-9c67-4477-bc96-23793248c717 | Non_Net_Metering_Distributed_2024.xlsx
ae17bcb87b820d5d73bc6f35d7f421a8-1 | 2024 | MI | 4254 | Consumers Energy Co - (MI) | MISO | 462 | 33.907 | 2.6 | 2.76 | AC | 2.119 | 14.706 | 1.672 |  | 4.379 | 22.876 |  | 0.6 | 0.408 |  | 1.0 | 2.008 |  |  |  |  |  | 0.0 | 0.076 | 0.082 |  |  | 0.001 | 0.159 |  | 0.05 |  |  | 4.094 | 4.144 |  |  |  |  |  | 0.0 |  | 1.19 | 0.03 |  | 3.5 | 4.72 |  |  |  |  |  | 0.0 |  |  |  |  |  | 0.0 |  |  |  |  |  | 0.0 | 2.195 | 16.628 | 2.11 | 0 | 12.974 | 33.907 | 2026-08-05 21:39:28.599333 | 2667b6ca-9c67-4477-bc96-23793248c717 | Non_Net_Metering_Distributed_2024.xlsx
232c885f14c4bf8a81b9b0cc8d179da6-1 | 2024 | NY | 4226 | Consolidated Edison Co-NY Inc | NYIS | 394 | 63.881 |  |  | AC |  |  |  |  |  | 0.0 |  | 3.42 |  |  |  | 3.42 |  | 4.394 |  |  |  | 4.394 |  |  |  |  |  | 0.0 |  |  |  |  |  | 0.0 |  |  |  |  |  | 0.0 |  | 45.241 |  |  |  | 45.241 |  | 14.945 |  |  |  | 14.945 |  | 0.275 |  |  |  | 0.275 |  |  |  |  |  | 0.0 | 0.0 | 63.881 | 0.0 | 0 | 0.0 | 63.881 | 2026-08-05 21:39:28.599333 | 2667b6ca-9c67-4477-bc96-23793248c717 | Non_Net_Metering_Distributed_2024.xlsx
(507 rows; csv has all)