table,live_rows,error
LIBRARY_META.CONNECT.ENTITY_MAP,35951018,
LIBRARY_META.CONNECT.ENTITY_INDEX,90004885,
LIBRARY_META.CONNECT.MATCH_PAIRS,182401058,
LIBRARY_META.CONNECT.KEYSET_LIVE,176983257,
LIBRARY_META.CONNECT.CONNECT_EDGES,4910,
LIBRARY_META.CONNECT.LEADS,17598,
