-- S06 SCDB: grain, duplicates, constant columns, and the unconstitutional flag vs its code
DECLARATION_UNCONSTITUTIONAL | IS_UNCONSTITUTIONAL_DECLARATION | N | CASES | VOTE_IDS | ISSUE_JUSTICE | DOCKETS | SPLIT_VALS | T0 | T1 | D1 | RUNS | PW_T | PW_CODE1 | PREC_T | PREC_CODE1
1 | True | 77618 | 8669 | 77618 | 77618 | 8669 | [
  1
] | 1946 | 2024 | 2025-06-30 | 1 | 49639 | 49639 | 1299 | 1299
1 |  | 77618 | 8669 | 77618 | 77618 | 8669 | [
  1
] | 1946 | 2024 | 2025-06-30 | 1 | 49639 | 49639 | 1299 | 1299
2 | True | 1112 | 124 | 1112 | 1112 | 124 | [
  1
] | 1952 | 2021 | 2022-06-06 | 1 | 492 | 492 | 99 | 99
2 |  | 1112 | 124 | 1112 | 1112 | 124 | [
  1
] | 1952 | 2021 | 2022-06-06 | 1 | 492 | 492 | 99 | 99
3 | True | 4320 | 482 | 4320 | 4320 | 482 | [
  1
] | 1946 | 2022 | 2023-06-27 | 1 | 3109 | 3109 | 314 | 314
3 |  | 4320 | 482 | 4320 | 4320 | 482 | [
  1
] | 1946 | 2022 | 2023-06-27 | 1 | 3109 | 3109 | 314 | 314
4 | True | 585 | 65 | 585 | 585 | 65 | [
  1
] | 1946 | 2021 | 2022-06-27 | 1 | 387 | 387 | 36 | 36
4 |  | 585 | 65 | 585 | 585 | 65 | [
  1
] | 1946 | 2021 | 2022-06-27 | 1 | 387 | 387 | 36 | 36
 | False | 9 | 1 | 9 | 9 | 1 | [
  1
] | 1992 | 1992 | 1993-04-12 | 1 | 0 | 0 | 0 | 0
 |  | 83644 | 9341 | 83644 | 83644 | 9341 | [
  1
] | 1946 | 2024 | 2025-06-30 | 1 | 53627 | 53627 | 1748 | 1748
 |  | 9 | 1 | 9 | 9 | 1 | [
  1
] | 1992 | 1992 | 1993-04-12 | 1 | 0 | 0 | 0 | 0
(11 rows; csv has all)