===== q08 (stmt 8) 58 rows
QTR | FRESH_N | MED_IDN | MIN_IDN | MAX_IDN | MARKER_2Y_BEFORE | DETAINED | OLD_CASE_2Y | OLD_CASE_2Y_ENTRY_2Y | OLD_CASE_LAWYER_BEFORE_DET | HAS_E28 | E28_BEFORE_DET
2012-01-01 | 3460 | 6955403.5 | 6914035 | 10954462 |  | 30665 | 0 | 0 | 0 | 9683 | 267
2012-04-01 | 3481 | 7011853.0 | 6962184 | 9670263 |  | 29822 | 0 | 0 | 0 | 10653 | 296
2012-07-01 | 3540 | 7067245.5 | 7028986 | 7951909 |  | 29756 | 0 | 0 | 0 | 11048 | 284
2012-10-01 | 3372 | 7117809.5 | 7086348 | 9672704 |  | 25104 | 0 | 0 | 0 | 9737 | 269
2013-01-01 | 4551 | 7167424.0 | 7127033 | 8709173 |  | 23426 | 0 | 0 | 0 | 10077 | 271
2013-04-01 | 7443 | 7222289.0 | 7175167 | 9694614 |  | 28024 | 0 | 0 | 0 | 14892 | 329
2013-07-01 | 9128 | 7274689.0 | 7229131 | 9712966 |  | 28404 | 0 | 0 | 0 | 16185 | 448
2013-10-01 | 8544 | 7335698.0 | 7290176 | 9868228 |  | 26806 | 0 | 0 | 0 | 15334 | 548
2014-01-01 | 11085 | 7390027.0 | 7339193 | 9696608 | 6955403.5 | 29161 | 743 | 434 | 212 | 17146 | 470
2014-04-01 | 12858 | 7445625.5 | 7393997 | 15179675 | 7011853.0 | 31268 | 665 | 350 | 211 | 18140 | 410
2014-07-01 | 5997 | 7512751.0 | 7446299 | 10763383 | 7067245.5 | 25065 | 680 | 360 | 202 | 13884 | 437
2014-10-01 | 5088 | 7582244.5 | 7533245 | 9689882 | 7117809.5 | 18613 | 652 | 348 | 187 | 10642 | 382
2015-01-01 | 5087 | 7636140.0 | 6533283 | 9689101 | 7167424.0 | 18202 | 635 | 293 | 205 | 10719 | 403
2015-04-01 | 7435 | 7695531.0 | 7650714 | 11462039 | 7222289.0 | 23511 | 805 | 371 | 250 | 13997 | 463
2015-07-01 | 6945 | 7746429.0 | 7554840 | 9686751 | 7274689.0 | 22730 | 819 | 386 | 233 | 13802 | 431
2015-10-01 | 6257 | 7813487.0 | 7602632 | 10685237 | 7335698.0 | 21848 | 775 | 353 | 236 | 13024 | 420
2016-01-01 | 6889 | 7872367.0 | 7820303 | 9766671 | 7390027.0 | 22483 | 778 | 327 | 214 | 13777 | 386
2016-04-01 | 7970 | 7936435.0 | 7884972 | 11869440 | 7445625.5 | 25116 | 861 | 388 | 252 | 15251 | 437
2016-07-01 | 8569 | 8005630.0 | 7945237 | 9881756 | 7512751.0 | 26792 | 944 | 401 | 275 | 15968 | 466
2016-10-01 | 10358 | 8079509.5 | 7138999 | 11044821 | 7582244.5 | 27408 | 921 | 388 | 252 | 16058 | 434
2017-01-01 | 6235 | 8145229.0 | 8080127 | 15351844 | 7636140.0 | 27055 | 1231 | 576 | 346 | 15902 | 544
2017-04-01 | 4118 | 8231191.5 | 5989033 | 10740975 | 7695531.0 | 24364 | 1606 | 801 | 480 | 14012 | 703
2017-07-01 | 5078 | 8306592.5 | 8248558 | 12020863 | 7746429.0 | 26998 | 1748 | 895 | 529 | 15461 | 826
2017-10-01 | 5798 | 8387835.0 | 8321062 | 10338952 | 7813487.0 | 32422 | 1717 | 866 | 510 | 18490 | 901
2018-01-01 | 6373 | 8459627.0 | 8220482 | 9886463 | 7872367.0 | 33328 | 1743 | 932 | 574 | 19222 | 1037
2018-04-01 | 10097 | 8552569.0 | 8467346 | 10089895 | 7936435.0 | 38604 | 1804 | 985 | 604 | 22944 | 1056
2018-07-01 | 9020 | 8657079.0 | 6868841 | 10466882 | 8005630.0 | 41736 | 1733 | 944 | 554 | 24619 | 1026
2018-10-01 | 10852 | 8756965.5 | 7315802 | 14608474 | 8079509.5 | 42050 | 1650 | 894 | 567 | 24656 | 986
2019-01-01 | 9747 | 8866538.0 | 8759068 | 12746940 | 8145229.0 | 40285 | 1655 | 924 | 583 | 22751 | 1006
2019-04-01 | 18168 | 8985030.5 | 8636032 | 15410749 | 8231191.5 | 53058 | 1503 | 837 | 539 | 26852 | 956
2019-07-01 | 26295 | 9101745.0 | 8506437 | 11985806 | 8306592.5 | 68984 | 1442 | 771 | 604 | 29677 | 1074
2019-10-01 | 13322 | 9281963.5 | 9021581 | 12110350 | 8387835.0 | 51403 | 1412 | 755 | 604 | 22656 | 1285
2020-01-01 | 11030 | 9441378.5 | 9277003 | 13641968 | 8459627.0 | 40296 | 1571 | 875 | 747 | 20214 | 1508
2020-04-01 | 1843 | 9544652.0 | 9475351 | 12605007 | 8552569.0 | 11431 | 731 | 392 | 348 | 6629 | 667
2020-07-01 | 3503 | 9652424.0 | 9604202 | 12166366 | 8657079.0 | 13350 | 879 | 435 | 392 | 7491 | 668
2020-10-01 | 4870 | 9704675.0 | 9657699 | 14199911 | 8756965.5 | 15515 | 924 | 495 | 421 | 8908 | 681
2021-01-01 | 6664 | 9760465.5 | 9714275 | 12740340 | 8866538.0 | 13496 | 443 | 270 | 195 | 8210 | 312
2021-04-01 | 9703 | 9842118.0 | 9764413 | 14908238 | 8985030.5 | 21495 | 339 | 181 | 164 | 13273 | 247
2021-07-01 | 12548 | 9999140.5 | 9828810 | 15541847 | 9101745.0 | 26879 | 363 | 192 | 161 | 15477 | 281
2021-10-01 | 11340 | 10194861.0 | 10009078 | 15139541 | 9281963.5 | 22972 | 319 | 171 | 153 | 13205 | 235
2022-01-01 | 15218 | 10441284.0 | 10198727 | 13786737 | 9441378.5 | 25378 | 416 | 246 | 182 | 14597 | 247
2022-04-01 | 19265 | 10658077.0 | 10436073 | 14953431 | 9544652.0 | 32116 | 547 | 297 | 238 | 17774 | 348
2022-07-01 | 18402 | 10917574.5 | 10699204 | 15393444 | 9652424.0 | 33698 | 756 | 441 | 303 | 17751 | 427
2022-10-01 | 12919 | 11214518.0 | 10978366 | 15047912 | 9704675.0 | 28586 | 737 | 427 | 326 | 14358 | 450
2023-01-01 | 17333 | 11507013.0 | 11266097 | 15019388 | 9760465.5 | 33108 | 855 | 481 | 377 | 13738 | 469
2023-04-01 | 17564 | 11910800.5 | 11598956 | 13666707 | 9842118.0 | 34574 | 898 | 537 | 408 | 12705 | 529
2023-07-01 | 16552 | 12343906.5 | 11952504 | 15494705 | 9999140.5 | 35554 | 860 | 538 | 379 | 12814 | 548
2023-10-01 | 9824 | 13020321.5 | 12496083 | 15500852 | 10194861.0 | 30538 | 767 | 459 | 354 | 10272 | 509
2024-01-01 | 8407 | 13639610.0 | 8364596 | 14990095 | 10441284.0 | 33309 | 864 | 544 | 375 | 10728 | 541
2024-04-01 | 8576 | 14079381.0 | 13800283 | 15008724 | 10658077.0 | 33537 | 970 | 596 | 431 | 11316 | 627
2024-07-01 | 5686 | 14433186.0 | 12107749 | 15316246 | 10917574.5 | 34687 | 1052 | 649 | 463 | 13853 | 709
2024-10-01 | 4145 | 14677955.0 | 14548366 | 15388840 | 11214518.0 | 33161 | 1165 | 721 | 496 | 14736 | 719
2025-01-01 | 1916 | 14873966.0 | 7400782 | 15317934 | 11507013.0 | 43745 | 2769 | 1842 | 1181 | 21428 | 1937
2025-04-01 | 1157 | 14986465.0 | 8737173 | 15157726 | 11910800.5 | 47616 | 5200 | 3651 | 2200 | 23811 | 3643
2025-07-01 | 1398 | 15114002.5 | 11210581 | 15326217 | 12343906.5 | 54979 | 7455 | 5369 | 3371 | 25536 | 5382
2025-10-01 | 1666 | 15226472.0 | 8738949 | 15562236 | 13020321.5 | 65513 | 12808 | 9154 | 5276 | 31711 | 7784
2026-01-01 | 961 | 15377443.0 | 13328632 | 15551291 | 13639610.0 | 56409 | 12387 | 8801 | 5062 | 27487 | 6878
2026-04-01 | 879 | 15517792.0 | 13177996 | 15566611 | 14079381.0 | 32667 | 6180 | 4297 | 2632 | 11975 | 3369
