-- S07 UK Companies House: live companies by incorporation month since 2017 (status, accounts, default address, legal form, busiest postcode), plus weeks around 18 Nov 2025 and the same weeks a year earlier
G | P | N | STRIKE | LIQ | NOACC | DORMANT | MICRO | DFLT | LP | LLP | OE | SC | NI | TOP_PC | TOP_PC_N
month | 2017-01-01 | 17541 | 2212 | 477 | 752 | 2023 | 7949 | 124 | 385 | 168 | 0 | 799 | 294 | WC2H9JQ | 125
month | 2017-02-01 | 18451 | 2423 | 555 | 725 | 2017 | 8230 | 114 | 362 | 180 | 0 | 971 | 322 | EC1V2NX | 118
month | 2017-03-01 | 23070 | 2835 | 659 | 900 | 2533 | 10310 | 142 | 507 | 249 | 0 | 1150 | 383 | EC1V2NX | 154
month | 2017-04-01 | 17315 | 2057 | 462 | 760 | 1820 | 7859 | 111 | 401 | 177 | 0 | 801 | 284 | WC2H9JQ | 126
month | 2017-05-01 | 18737 | 2388 | 523 | 904 | 2198 | 8343 | 108 | 534 | 171 | 0 | 831 | 338 | WC2H9JQ | 135
month | 2017-06-01 | 18450 | 2361 | 539 | 830 | 2132 | 8193 | 143 | 489 | 180 | 0 | 877 | 265 | CF148LH | 143
month | 2017-07-01 | 17546 | 2153 | 468 | 770 | 2103 | 7897 | 137 | 368 | 158 | 0 | 805 | 238 | CF148LH | 137
month | 2017-08-01 | 17818 | 2252 | 469 | 780 | 2118 | 8050 | 136 | 343 | 150 | 0 | 880 | 290 | WC2H9JQ | 137
month | 2017-09-01 | 18025 | 2325 | 506 | 690 | 2014 | 8219 | 142 | 264 | 264 | 0 | 853 | 326 | WC1N3AX | 159
month | 2017-10-01 | 19678 | 2676 | 516 | 726 | 2403 | 8906 | 148 | 254 | 208 | 0 | 875 | 347 | EC1V2NX | 157
month | 2017-11-01 | 19355 | 2632 | 524 | 736 | 2381 | 8558 | 169 | 301 | 191 | 0 | 905 | 312 | CF148LH | 169
month | 2017-12-01 | 14575 | 2027 | 416 | 532 | 1761 | 6448 | 129 | 173 | 176 | 0 | 626 | 214 | EC1V2NX | 133
month | 2018-01-01 | 20269 | 3052 | 616 | 619 | 2453 | 9444 | 170 | 197 | 177 | 0 | 970 | 332 | EC1V2NX | 170
month | 2018-02-01 | 20173 | 3134 | 587 | 695 | 2239 | 9241 | 177 | 268 | 185 | 0 | 974 | 358 | CF148LH | 177
month | 2018-03-01 | 22880 | 3295 | 617 | 772 | 2643 | 10453 | 210 | 308 | 220 | 0 | 1116 | 349 | CF148LH | 210
month | 2018-04-01 | 21533 | 3319 | 579 | 588 | 2644 | 10158 | 213 | 141 | 208 | 0 | 1108 | 343 | CF148LH | 213
month | 2018-05-01 | 21993 | 3475 | 637 | 634 | 2711 | 10159 | 189 | 175 | 202 | 0 | 1090 | 338 | CF148LH | 189
month | 2018-06-01 | 20586 | 3323 | 536 | 669 | 2541 | 9601 | 202 | 184 | 230 | 0 | 936 | 370 | CF148LH | 202
month | 2018-07-01 | 20787 | 3395 | 523 | 612 | 2567 | 9825 | 215 | 98 | 198 | 0 | 951 | 284 | CF148LH | 215
month | 2018-08-01 | 20933 | 3307 | 520 | 622 | 2659 | 9845 | 200 | 104 | 159 | 0 | 1089 | 351 | CF148LH | 200
month | 2018-09-01 | 20512 | 3280 | 590 | 633 | 2538 | 9748 | 191 | 81 | 149 | 0 | 911 | 300 | CF148LH | 191
month | 2018-10-01 | 23993 | 3890 | 666 | 752 | 2949 | 11312 | 222 | 117 | 208 | 0 | 1117 | 375 | CF148LH | 222
month | 2018-11-01 | 22764 | 3893 | 617 | 914 | 2854 | 10493 | 259 | 130 | 171 | 0 | 1142 | 339 | CF148LH | 259
month | 2018-12-01 | 16807 | 2781 | 415 | 691 | 2082 | 7770 | 216 | 126 | 163 | 0 | 779 | 257 | CF148LH | 216
month | 2019-01-01 | 23909 | 4395 | 653 | 925 | 2950 | 11273 | 299 | 117 | 213 | 0 | 1098 | 341 | CF148LH | 299
month | 2019-02-01 | 24264 | 4534 | 650 | 994 | 2931 | 11557 | 261 | 144 | 152 | 0 | 1286 | 393 | CF148LH | 261
month | 2019-03-01 | 29377 | 5263 | 787 | 1160 | 3424 | 13985 | 327 | 149 | 214 | 0 | 1476 | 460 | CF148LH | 327
month | 2019-04-01 | 25589 | 4710 | 634 | 1323 | 3111 | 12022 | 306 | 135 | 220 | 0 | 1286 | 383 | CF148LH | 306
month | 2019-05-01 | 25340 | 5023 | 625 | 1545 | 3091 | 11685 | 304 | 139 | 190 | 0 | 1288 | 405 | CF148LH | 304
month | 2019-06-01 | 22808 | 4677 | 546 | 1479 | 2832 | 10555 | 292 | 119 | 167 | 0 | 1100 | 369 | CF148LH | 292
month | 2019-07-01 | 26436 | 4786 | 661 | 1596 | 3298 | 12124 | 315 | 127 | 199 | 0 | 1200 | 361 | CF148LH | 315
month | 2019-08-01 | 23365 | 4344 | 556 | 1518 | 3020 | 10777 | 290 | 165 | 188 | 0 | 1225 | 333 | CF148LH | 290
month | 2019-09-01 | 25000 | 4734 | 603 | 1650 | 3185 | 11476 | 321 | 108 | 230 | 0 | 1240 | 360 | CF148LH | 321
month | 2019-10-01 | 27322 | 5077 | 705 | 1702 | 3458 | 12649 | 322 | 126 | 207 | 0 | 1254 | 408 | CF148LH | 322
month | 2019-11-01 | 23860 | 4189 | 586 | 1582 | 3025 | 10904 | 263 | 174 | 146 | 0 | 1216 | 321 | CF148LH | 263
month | 2019-12-01 | 19422 | 3562 | 490 | 1309 | 2592 | 8734 | 251 | 150 | 151 | 0 | 901 | 243 | CF148LH | 251
month | 2020-01-01 | 26255 | 5193 | 619 | 1696 | 3440 | 12079 | 377 | 88 | 169 | 0 | 1248 | 348 | CF148LH | 377
month | 2020-02-01 | 26340 | 4804 | 583 | 1924 | 3570 | 11649 | 318 | 108 | 218 | 0 | 1346 | 375 | CF148LH | 318
month | 2020-03-01 | 21254 | 1596 | 383 | 701 | 3335 | 9426 | 115 | 72 | 198 | 0 | 985 | 312 | WC2H9JQ | 259
month | 2020-04-01 | 14179 | 849 | 221 | 507 | 2623 | 6185 | 87 | 38 | 155 | 0 | 551 | 168 | WC2H9JQ | 242
month | 2020-05-01 | 18996 | 1370 | 310 | 467 | 3477 | 8581 | 103 | 74 | 129 | 0 | 772 | 263 | WC2H9JQ | 306
month | 2020-06-01 | 26183 | 1915 | 369 | 635 | 4487 | 12208 | 127 | 170 | 149 | 0 | 1054 | 378 | WC2H9JQ | 347
month | 2020-07-01 | 28253 | 1360 | 441 | 620 | 4521 | 13299 | 109 | 77 | 183 | 0 | 1318 | 339 | WC2H9JQ | 391
month | 2020-08-01 | 23865 | 1160 | 309 | 494 | 3774 | 11277 | 125 | 85 | 176 | 0 | 1074 | 331 | WC2H9JQ | 349
month | 2020-09-01 | 26102 | 1200 | 349 | 614 | 4073 | 12246 | 133 | 109 | 153 | 0 | 1284 | 391 | WC2H9JQ | 367
month | 2020-10-01 | 27226 | 1227 | 354 | 616 | 4394 | 12479 | 151 | 103 | 209 | 0 | 1161 | 435 | WC2H9JQ | 393
month | 2020-11-01 | 24599 | 1264 | 305 | 687 | 4109 | 11128 | 160 | 187 | 194 | 0 | 1142 | 388 | WC2H9JQ | 362
month | 2020-12-01 | 22555 | 1412 | 273 | 461 | 3983 | 10004 | 156 | 81 | 217 | 0 | 945 | 337 | WC2H9JQ | 388
month | 2021-01-01 | 23884 | 1705 | 291 | 572 | 4036 | 10901 | 152 | 102 | 166 | 0 | 1048 | 373 | WC2H9JQ | 371
month | 2021-02-01 | 27375 | 2078 | 335 | 582 | 4577 | 12321 | 162 | 179 | 217 | 0 | 1249 | 473 | WC2H9JQ | 361
month | 2021-03-01 | 32897 | 2385 | 378 | 552 | 5487 | 15151 | 211 | 126 | 534 | 0 | 1524 | 591 | WC2H9JQ | 417
month | 2021-04-01 | 27105 | 1444 | 305 | 533 | 4448 | 12702 | 149 | 111 | 282 | 0 | 1330 | 444 | WC2H9JQ | 405
month | 2021-05-01 | 25549 | 1709 | 323 | 573 | 4298 | 11764 | 135 | 167 | 269 | 0 | 1161 | 407 | WC2H9JQ | 351
month | 2021-06-01 | 24797 | 1807 | 259 | 579 | 4149 | 11530 | 144 | 133 | 264 | 0 | 1190 | 427 | WC2H9JQ | 361
month | 2021-07-01 | 23637 | 1096 | 279 | 540 | 3705 | 11010 | 117 | 111 | 229 | 0 | 1022 | 296 | WC2H9JQ | 341
month | 2021-08-01 | 22445 | 1135 | 238 | 549 | 3671 | 10646 | 153 | 149 | 211 | 0 | 1163 | 372 | WC2H9JQ | 309
month | 2021-09-01 | 25239 | 1275 | 262 | 570 | 4008 | 12015 | 171 | 124 | 217 | 0 | 1179 | 402 | WC2H9JQ | 360
month | 2021-10-01 | 24690 | 1473 | 272 | 532 | 4250 | 11460 | 281 | 107 | 217 | 0 | 1170 | 407 | WC2H9JQ | 339
month | 2021-11-01 | 25572 | 1326 | 244 | 718 | 4325 | 11848 | 145 | 143 | 210 | 0 | 1220 | 369 | WC2H9JQ | 371
month | 2021-12-01 | 21603 | 1379 | 207 | 735 | 3886 | 9817 | 149 | 164 | 201 | 0 | 979 | 309 | WC2H9JQ | 342
(177 rows; csv has all)